821
2 395 1398
3 553 595
4 1238 1259
5 2258 2490
6 994 1822
7 267 648
8 1991 3669
9 388 400
10 1213 1238
11 2684 2927
12 3904 4330
13 1468 2208
14 606 1006
15 432 684
16 1230 2385
17 143 159
18 1789 1812
19 117 143
20 1385 4330
21 544 750
22 4077 4291
23 2379 2398
24 805 894
25 1805 3036
26 81 98
27 1693 2522
28 3177 4556
29 1718 1986
30 907 1431
31 1144 1365
32 4610 4626
33 469 715
34 293 542
35 584 1283
36 965 989
37 604 736
38 48 480
39 378 1602
40 593 1294
41 389 404
42 2289 2429
43 1133 2237
44 1625 2339
45 916 1056
46 2307 2558
47 668 781
48 1211 2348
49 500 675
50 827 1128
51 81 1011
52 2775 2951
53 1917 3529
54 2217 2491
55 1305 2212
56 671 675
57 2627 4248
58 141 1132
59 1711 1744
60 107 139
61 47 2395
62 2204 2442
63 587 986
64 130 703
65 659 2016
66 23 160
67 584 594
68 684 796
69 1307 1580
70 929 1168
71 24 136
72 783 1147
73 542 3310
74 279 551
75 91 92
76 416 587
77 430 518
78 3310 3942
79 1144 1469
80 739 928
81 720 1345
82 49 157
83 296 687
84 1406 1411
85 1506 4641
86 241 375
87 3096 3234
88 424 793
89 1143 1567
90 1686 2024
91 1427 2742
92 109 209
93 2068 2157
94 1866 2234
95 215 1327
96 866 3031
97 2075 2090
98 1292 1632
99 457 2600
100 373 1113
101 1347 2547
102 300 694
103 168 738
104 1204 1314
105 2353 4401
106 2724 3233
107 1709 2023
108 342 398
109 837 1803
110 1765 3845
111 239 256
112 478 1705
113 3125 3206
114 3809 4206
115 849 1505
116 36 44
117 358 1705
118 358 652
119 702 705
120 859 1009
121 2460 2644
122 1048 1846
123 2031 2038
124 220 324
125 210 701
126 296 965
127 235 916
128 2520 2628
129 214 3775
130 1586 2463
131 403 950
132 457 1518
133 4226 4759
134 64 387
135 1538 3854
136 4761 4804
137 526 546
138 621 885
139 2839 3197
140 1811 2913
141 3302 3769
142 855 2076
143 27 34
144 1277 1294
145 2021 3788
146 2407 2843
147 7 91
148 1835 2223
149 304 664
150 635 1209
151 1373 1728
152 2502 4128
153 2353 2369
154 1080 1247
155 1354 1621
156 1855 1934
157 2013 2315
158 85 318
159 1081 1185
160 314 4917
161 2962 3633
162 198 390
163 1621 1948
164 1589 2273
165 757 2661
166 1303 1574
167 2036 2768
168 656 1051
169 1633 1987
170 410 1787
171 64 1360
172 4448 4464
173 436 1375
174 3145 3818
175 1259 1284
176 9 130
177 575 1973
178 81 154
179 162 434
180 328 494
181 2815 2919
182 2221 2280
183 35 492
184 3523 3686
185 888 904
186 3611 3970
187 238 3067
188 207 285
189 816 1014
190 1130 1367
191 499 1752
192 1598 2139
193 294 1420
194 1963 2078
195 488 1519
196 406 3447
197 145 150
198 2295 2495
199 139 142
200 257 322
201 3134 3307
202 57 83
203 1607 1870
204 840 845
205 311 312
206 1287 1579
207 397 452
208 2 834
209 402 660
210 959 1466
211 237 853
212 1505 1614
213 1294 2308
214 8 17
215 3320 3693
216 2643 2644
217 454 531
218 646 2011
219 614 857
220 4534 4825
221 3927 4493
222 1845 2796
223 884 911
224 3133 3601
225 1622 1875
226 1582 2509
227 3106 4292
228 1330 1840
229 2555 4360
230 1985 1989
231 3223 3925
232 1264 2361
233 1072 1971
234 2438 2516
235 3394 3585
236 932 981
237 1876 1890
238 2068 2169
239 442 930
240 1692 2525
241 881 1463
242 61 94
243 40 211
244 3807 4512
245 730 1690
246 494 2085
247 942 3318
248 1737 2855
249 498 704
250 1170 1811
251 3751 3781
252 4309 4316
253 1221 1835
254 136 236
255 189 250
256 2148 4229
257 2303 3273
258 418 2634
259 3095 3258
260 805 819
261 73 108
262 251 330
263 845 3104
264 1385 1621
265 735 917
266 816 941
267 396 465
268 1013 1035
269 3766 4122
270 150 1114
271 66 273
272 297 1281
273 2033 2317
274 235 1542
275 190 1415
276 2715 3733
277 936 1035
278 1 778
279 2888 3415
280 1146 1479
281 2309 2595
282 1743 1933
283 1241 3050
284 337 363
285 527 536
286 1338 1434
287 1399 1529
288 154 183
289 147 680
290 907 933
291 452 635
292 1887 3141
293 12 98
294 162 284
295 145 574
296 2656 2725
297 160 162
298 4228 4277
299 710 954
300 780 2374
301 528 949
302 759 1104
303 134 341
304 500 2185
305 2468 2511
306 490 536
307 750 940
308 4203 4259
309 154 215
310 354 1020
311 2488 3329
312 117 163
313 2643 3228
314 844 1248
315 5 103
316 953 1099
317 1615 1643
318 483 1270
319 3444 3732
320 407 782
321 1219 1699
322 61 468
323 2873 3007
324 1541 2994
325 294 364
326 499 1405
327 410 1476
328 141 578
329 55 61
330 2049 2202
331 2828 2850
332 94 149
333 1039 1855
334 190 216
335 9 866
336 1149 2946
337 2918 3495
338 1261 2873
339 254 1975
340 715 747
341 950 2456
342 66 70
343 1973 2651
344 401 594
345 1098 1386
346 1374 1809
347 1093 1571
348 107 3147
349 3859 3934
350 3777 4240
351 2816 2902
352 2240 2255
353 3431 3961
354 1977 2348
355 147 758
356 1544 1778
357 956 1233
358 2894 3763
359 1371 2199
360 1527 1640
361 47 67
362 313 825
363 980 1165
364 1051 1420
365 7 65
366 108 114
367 3057 3173
368 3488 3599
369 279 1494
370 1399 2226
371 1900 2888
372 1012 1057
373 1259 1876
374 110 133
375 2903 3954
376 1027 1242
377 3071 3139
378 82 150
379 2433 3008
380 278 323
381 1922 3140
382 583 2295
383 641 924
384 1515 2914
385 4243 4253
386 831 1573
387 927 1200
388 1295 1354
389 476 630
390 923 1407
391 898 911
392 813 1921
393 193 208
394 635 1030
395 567 923
396 1587 2986
397 1547 2108
398 78 482
399 256 992
400 2695 3473
401 945 3290
402 3851 4712
403 406 406
404 576 2171
405 2552 2721
406 1443 1776
407 86 691
408 550 1106
409 2055 2263
410 106 108
411 2467 2485
412 1196 1721
413 2284 2290
414 2570 2634
415 3693 3716
416 2601 3026
417 475 857
418 722 1026
419 695 786
420 3091 4061
421 719 1108
422 1727 1829
423 3755 4695
424 2456 2506
425 488 1751
426 4027 4561
427 3511 3558
428 2270 3026
429 405 419
430 158 963
431 1233 1242
432 2041 3379
433 92 106
434 36 39
435 1567 2061
436 1026 1103
437 1220 2045
438 1483 1515
439 2122 2455
440 3323 3781
441 148 535
442 1704 2661
443 291 312
444 358 3094
445 1468 2546
446 3171 3423
447 55 122
448 852 1040
449 2846 3589
450 2156 2349
451 775 988
452 2920 3146
453 1115 3713
454 3178 3188
455 199 1707
456 2148 2200
457 1436 1640
458 10 51
459 2906 3122
460 1254 1313
461 1339 1543
462 485 2565
463 1049 1493
464 272 3780
465 1271 2772
466 1316 1874
467 96 375
468 1299 1477
469 3329 4026
470 257 413
471 85 97
472 44 49
473 673 1703
474 248 276
475 23 34
476 3037 3096
477 155 183
478 3915 3943
479 278 374
480 3193 3388
481 1693 1879
482 3246 3522
483 4710 4827
484 939 2437
485 1996 2601
486 302 767
487 4 164
488 244 285
489 3798 4362
490 135 194
491 1148 1345
492 164 201
493 2162 2503
494 1385 1647
495 1148 3463
496 3459 4179
497 1400 2986
498 850 882
499 1870 2018
500 56 247
501 1273 1751
502 175 298
503 2909 2944
504 211 218
505 48 165
506 615 669
507 662 912
508 1127 1994
509 1302 1372
510 1048 1160
511 744 1579
512 2438 3345
513 1176 1398
514 33 241
515 159 268
516 3557 3659
517 1982 2406
518 835 1459
519 555 635
520 472 1587
521 2179 2513
522 1927 2486
523 1099 1309
524 58 1263
525 356 3960
526 2049 4095
527 2368 2435
528 160 3356
529 1027 2402
530 1919 2820
531 1430 2152
532 1296 2246
533 331 402
534 94 116
535 355 1380
536 53 167
537 141 228
538 1200 1207
539 3891 4305
540 1719 2281
541 1134 2156
542 1684 2581
543 4547 4597
544 505 519
545 2929 3812
546 420 421
547 139 506
548 3639 3733
549 616 1484
550 1045 1909
551 840 1353
552 27 771
553 2053 3110
554 197 391
555 693 1209
556 850 997
557 1811 1916
558 123 134
559 1862 2492
560 1388 2316
561 270 1814
562 978 1251
563 249 495
564 806 3165
565 798 851
566 4087 4158
567 1100 1538
568 799 1707
569 1032 2080
570 287 716
571 1094 1942
572 2568 3305
573 2522 3322
574 2861 3160
575 142 144
576 118 258
577 113 333
578 2083 2216
579 417 1281
580 90 985
581 632 963
582 502 536
583 2709 2749
584 3372 3828
585 2993 3586
586 1662 1718
587 1325 1722
588 118 207
589 2644 2656
590 2281 3823
591 2680 3157
592 102 212
593 148 1147
594 2196 2205
595 247 696
596 5 287
597 1409 1653
598 1546 1593
599 961 1273
600 683 1641
601 870 877
602 210 213
603 2144 2881
604 2318 2399
605 720 1111
606 450 494
607 2369 4290
608 67 128
609 1138 1144
610 1653 1844
611 1907 3538
612 492 626
613 872 1046
614 2779 3366
615 4391 4591
616 156 681
617 688 896
618 1423 1789
619 772 1236
620 886 1888
621 1756 3421
622 1191 1892
623 1285 1844
624 1111 1680
625 2220 3358
626 1807 2432
627 71 152
628 1519 2366
629 356 845
630 832 1158
631 2382 2658
632 2099 3398
633 3131 3474
634 9 422
635 475 3792
636 1114 2657
637 2905 3475
638 614 3592
639 1904 1935
640 517 800
641 1706 1863
642 4252 4256
643 820 863
644 697 945
645 521 3723
646 1480 1528
647 3076 3306
648 1258 2821
649 2565 3073
650 2749 3886
651 1815 1954
652 641 1077
653 2878 3171
654 4 85
655 7 1804
656 815 1787
657 2436 3079
658 3262 3286
659 2427 2765
660 163 962
661 3578 3731
662 45 130
663 1738 2458
664 190 193
665 289 308
666 1090 1291
667 2096 2986
668 887 1146
669 727 784
670 67 292
671 851 899
672 1413 1589
673 451 765
674 2438 4066
675 3483 3857
676 1165 1501
677 3445 3762
678 302 447
679 803 3055
680 207 1152
681 2674 2734
682 2574 4268
683 220 3392
684 271 290
685 2716 4084
686 155 258
687 102 302
688 2383 2400
689 906 2137
690 475 768
691 44 274
692 149 340
693 2062 2176
694 2778 3330
695 1155 2271
696 120 1073
697 1605 2567
698 4744 4777
699 1609 1660
700 747 3357
701 3917 3934
702 339 613
703 1017 1183
704 3238 3439
705 897 1367
706 1008 2387
707 2347 3387
708 1702 2257
709 252 1430
710 2553 2629
711 3077 4772
712 1477 2859
713 333 449
714 160 463
715 608 1016
716 4538 4716
717 1214 2136
718 62 984
719 2131 2422
720 557 749
721 931 1014
722 1251 1369
723 2635 2758
724 554 1069
725 234 276
726 182 196
727 75 1331
728 1043 1101
729 1186 2210
730 694 1137
731 2406 3144
732 413 2667
733 263 715
734 1232 1956
735 1929 2171
736 3079 3291
737 150 1265
738 963 2345
739 1090 1449
740 1158 1492
741 2517 2708
742 1805 2622
743 1367 2045
744 156 157
745 136 1347
746 1158 1435
747 792 1388
748 712 2462
749 434 510
750 2785 4288
751 63 2376
752 3087 3909
753 548 1402
754 2166 3081
755 286 317
756 187 224
757 4157 4649
758 1303 1311
759 3734 3742
760 360 1102
761 132 3015
762 3765 4065
763 1086 1403
764 712 1691
765 2431 2547
766 727 1006
767 33 374
768 91 101
769 4547 4856
770 2250 2543
771 2172 2969
772 1474 2409
773 46 313
774 63 475
775 1534 2420
776 3814 3956
777 1300 2415
778 511 642
779 1036 1109
780 817 4676
781 137 223
782 561 1918
783 1274 1737
784 191 271
785 577 992
786 22 2339
787 3384 4351
788 3096 3336
789 1530 1899
790 3 185
791 32 2607
792 1033 1325
793 22 2507
794 1027 1865
795 860 1364
796 126 128
797 89 151
798 1 84
799 312 946
800 170 405
801 3136 3200
802 187 240
803 429 789
804 1126 1172
805 899 1428
806 876 980
807 502 1844
808 2040 2283
809 64 612
810 1842 1923
811 1509 2099
812 1059 1485
813 1384 1428
814 580 1220
815 280 470
816 216 286
817 2767 2854
818 3403 3879
819 209 880
820 125 1626
821 212 214
822 142 183
