768
2 88 423
3 397 1042
4 3265 4590
5 621 2165
6 352 376
7 1445 1529
8 1420 1745
9 472 515
10 2851 3187
11 243 2585
12 1016 1499
13 1271 1866
14 283 298
15 526 687
16 1200 1420
17 485 564
18 221 354
19 2 1540
20 1741 2275
21 1643 2829
22 307 331
23 2527 2914
24 300 307
25 2021 3781
26 99 103
27 498 627
28 683 2972
29 361 578
30 2601 2640
31 562 681
32 70 200
33 20 39
34 682 1888
35 3361 3367
36 3205 3800
37 224 367
38 249 379
39 1367 2349
40 814 1837
41 550 813
42 410 875
43 628 2286
44 1926 2966
45 58 128
46 366 504
47 2843 4385
48 258 493
49 3398 3526
50 354 696
51 4508 4513
52 2689 2730
53 81 907
54 321 614
55 776 804
56 2272 3132
57 2788 2810
58 1350 1405
59 1121 3016
60 1328 3317
61 3924 3976
62 939 1203
63 33 67
64 315 1348
65 1168 1624
66 702 1449
67 467 484
68 2070 2132
69 789 1459
70 1615 2845
71 2152 2153
72 116 339
73 954 1497
74 2766 3138
75 1385 3428
76 687 842
77 996 4667
78 1399 3982
79 1008 1134
80 329 831
81 542 3124
82 695 763
83 99 370
84 1710 1781
85 1452 1580
86 1494 2025
87 431 2326
88 534 635
89 2644 2652
90 136 164
91 3178 3848
92 88 101
93 3126 3138
94 75 83
95 1632 2393
96 1780 2690
97 467 1089
98 3384 3856
99 1349 2150
100 1328 2507
101 1220 1384
102 350 452
103 546 750
104 3393 3881
105 596 2563
106 298 3296
107 297 303
108 4174 4407
109 62 306
110 350 950
111 676 748
112 2731 3018
113 156 897
114 2368 2462
115 707 2073
116 84 750
117 508 848
118 80 188
119 749 4273
120 2016 2256
121 376 773
122 463 631
123 2363 4103
124 894 1520
125 462 557
126 794 795
127 477 803
128 500 589
129 913 972
130 156 731
131 742 1300
132 992 1556
133 169 860
134 714 1255
135 371 1598
136 367 545
137 688 759
138 2042 2286
139 889 2124
140 1267 2039
141 1341 2711
142 2617 2961
143 1398 1487
144 93 793
145 496 652
146 2510 2874
147 188 1116
148 110 480
149 1039 1164
150 1480 2530
151 1398 1923
152 55 410
153 1298 2119
154 2070 2212
155 2233 2315
156 1446 2058
157 124 1600
158 1725 2140
159 182 394
160 605 1495
161 2769 3583
162 2319 3138
163 162 166
164 1498 4687
165 1290 2465
166 3625 3842
167 474 776
168 2825 2862
169 1058 1297
170 1575 1693
171 391 1039
172 894 1626
173 1444 2850
174 578 1460
175 228 301
176 257 1231
177 4 1841
178 216 228
179 682 686
180 1177 1198
181 1301 1343
182 1204 2143
183 25 1037
184 1750 1866
185 898 938
186 2706 3014
187 73 414
188 792 2106
189 2594 2606
190 1800 2029
191 124 237
192 224 3121
193 702 1916
194 800 1200
195 178 192
196 492 1973
197 619 751
198 25 30
199 2062 3336
200 659 1499
201 209 2651
202 1409 1466
203 935 1265
204 2987 4470
205 1062 1164
206 519 652
207 1731 3090
208 371 483
209 217 2039
210 276 485
211 1908 2571
212 3378 3566
213 290 307
214 3554 3651
215 112 481
216 183 985
217 1954 3517
218 2350 3130
219 2251 2310
220 3632 3752
221 2094 2537
222 2301 3080
223 1835 2385
224 2698 3989
225 2694 2747
226 3080 3113
227 1016 1914
228 77 120
229 1047 1581
230 1943 2411
231 3759 3975
232 198 577
233 173 197
234 1589 2082
235 59 67
236 1152 1897
237 1956 1970
238 754 2470
239 31 1478
240 3039 3081
241 3849 4105
242 467 874
243 253 438
244 3321 3467
245 547 678
246 2420 3004
247 136 167
248 107 344
249 477 700
250 411 445
251 1180 2735
252 1022 1090
253 841 1708
254 2889 2897
255 1697 1857
256 479 1633
257 2474 3021
258 575 717
259 4708 4720
260 3876 4545
261 361 1658
262 1680 1701
263 46 151
264 141 1451
265 4141 4232
266 1618 1664
267 1702 1726
268 35 89
269 606 1147
270 1236 1685
271 545 989
272 72 74
273 3110 3398
274 1029 1906
275 2368 2723
276 2489 2943
277 744 881
278 4531 4632
279 1432 3806
280 561 893
281 694 1087
282 690 2113
283 330 448
284 1346 1478
285 1238 1916
286 531 685
287 71 167
288 78 2048
289 1503 2701
290 42 94
291 1587 1632
292 2254 2281
293 14 731
294 2611 2780
295 821 1187
296 555 2067
297 275 300
298 2880 3362
299 3817 3985
300 2536 4327
301 2343 3280
302 862 1090
303 115 514
304 74 1414
305 1562 1933
306 1958 1975
307 990 1803
308 2451 2546
309 2489 3129
310 978 997
311 1332 1522
312 188 477
313 1169 1600
314 643 1067
315 1457 1474
316 1414 1450
317 1480 1785
318 1227 1403
319 1324 1366
320 1524 2484
321 1674 1847
322 2680 2835
323 1914 2728
324 3738 4089
325 695 2279
326 3795 4695
327 1585 1997
328 748 803
329 109 582
330 1159 1594
331 509 855
332 275 1713
333 2900 3795
334 758 1016
335 326 328
336 94 120
337 1501 2867
338 777 1035
339 1689 2812
340 45 221
341 77 94
342 263 1531
343 23 264
344 262 263
345 1824 3667
346 110 125
347 102 363
348 597 831
349 201 213
350 833 860
351 1738 1871
352 2304 3476
353 145 248
354 654 828
355 1112 2294
356 735 776
357 770 904
358 1789 2773
359 4397 4519
360 964 1415
361 80 103
362 1268 1318
363 384 2047
364 1736 1827
365 1425 2178
366 1484 2614
367 1213 1381
368 477 492
369 1161 1302
370 2498 2742
371 1511 2064
372 1698 2968
373 863 1646
374 853 1096
375 2897 3882
376 1696 1969
377 623 682
378 2012 2560
379 1706 3517
380 360 882
381 3412 3528
382 507 766
383 19 3348
384 2643 3299
385 3188 3209
386 748 4312
387 770 1300
388 3468 4389
389 1180 2335
390 1397 1472
391 1070 1307
392 1775 2110
393 1242 1904
394 1301 1435
395 70 987
396 1440 3584
397 1845 3846
398 1873 1998
399 497 540
400 967 1010
401 316 341
402 4372 4374
403 853 996
404 1823 2082
405 1040 1147
406 41 44
407 421 1780
408 491 1460
409 944 995
410 1560 2209
411 62 67
412 552 1401
413 207 307
414 2044 2134
415 186 767
416 569 725
417 131 154
418 1334 3788
419 1862 1869
420 2334 3099
421 561 1580
422 380 491
423 258 3243
424 141 868
425 1839 1868
426 4163 4183
427 902 948
428 418 1601
429 1668 2956
430 1005 1556
431 214 253
432 124 1554
433 1383 1384
434 1808 2020
435 399 2306
436 1441 3828
437 1422 1648
438 645 703
439 472 480
440 1837 2772
441 2320 3341
442 1400 1719
443 1852 2213
444 1501 2003
445 94 645
446 1682 2308
447 234 241
448 1191 3889
449 664 1906
450 224 819
451 2783 3204
452 1367 2239
453 853 995
454 3149 3640
455 516 978
456 91 825
457 105 164
458 1063 1771
459 192 216
460 93 109
461 648 659
462 1401 2733
463 1165 2533
464 460 481
465 240 582
466 2066 2089
467 118 127
468 874 2981
469 1703 3895
470 970 1698
471 403 423
472 591 1043
473 1569 1682
474 850 1027
475 31 31
476 3268 3287
477 799 2737
478 3125 3204
479 2287 3097
480 55 80
481 1502 2141
482 1075 2069
483 867 1046
484 62 149
485 2985 3433
486 302 397
487 1682 2471
488 193 715
489 1140 1347
490 652 676
491 71 73
492 1343 3449
493 1600 2058
494 3442 3484
495 94 964
496 540 1350
497 1240 1552
498 129 287
499 703 3439
500 1520 1650
501 549 670
502 1722 3331
503 2686 2697
504 400 1145
505 454 1420
506 880 1546
507 2525 2863
508 138 149
509 2132 2659
510 576 594
511 4459 4507
512 774 1060
513 1261 1995
514 2856 2860
515 219 3560
516 81 139
517 1909 2118
518 48 802
519 974 1288
520 80 690
521 2976 2978
522 621 963
523 859 862
524 2580 2794
525 7 89
526 278 581
527 633 857
528 644 1917
529 1520 1763
530 542 670
531 844 1202
532 1291 1521
533 21 2882
534 1248 2246
535 1007 1056
536 386 489
537 421 767
538 1603 1663
539 2594 3148
540 2795 3374
541 1661 1749
542 1143 1863
543 794 1791
544 95 100
545 238 362
546 700 973
547 900 1055
548 817 891
549 1459 3779
550 2934 3004
551 4322 4406
552 3104 3255
553 488 1470
554 502 1513
555 787 1416
556 1658 3436
557 2359 2373
558 948 970
559 460 1233
560 2729 2779
561 1590 1955
562 2754 3235
563 624 1077
564 360 529
565 905 925
566 1468 1710
567 1751 2412
568 681 1105
569 64 1131
570 4658 4673
571 211 321
572 2050 2148
573 91 1170
574 1925 2752
575 2036 2218
576 313 1233
577 651 1749
578 270 1492
579 4084 4250
580 2549 2627
581 453 2153
582 442 1099
583 42 111
584 2538 2602
585 1129 1323
586 1628 2384
587 1209 1221
588 134 208
589 347 450
590 2141 2935
591 3104 3274
592 1501 1825
593 1967 2129
594 1413 2369
595 3790 4216
596 37 552
597 120 388
598 1328 2340
599 3148 3203
600 63 112
601 1524 3535
602 1240 1393
603 1332 1810
604 1400 1425
605 1071 1428
606 2811 2856
607 1506 1574
608 2163 2537
609 462 514
610 88 878
611 1155 1665
612 588 3006
613 1283 2282
614 2171 2899
615 1540 1996
616 1496 3191
617 526 1532
618 106 121
619 1768 1792
620 2915 2918
621 53 70
622 108 111
623 893 1771
624 3080 3594
625 4039 4114
626 1567 3130
627 74 77
628 4472 4514
629 329 390
630 1817 2052
631 1836 2997
632 2434 2534
633 1467 1544
634 105 139
635 2601 2632
636 97 108
637 1403 1460
638 204 227
639 262 2534
640 649 1788
641 3387 3416
642 3625 4709
643 2261 2604
644 719 866
645 3225 3226
646 345 373
647 17 44
648 108 142
649 2193 2206
650 75 88
651 1231 2198
652 3721 4322
653 4065 4591
654 1902 2132
655 3864 3887
656 987 1120
657 4784 4785
658 534 1756
659 102 102
660 1054 2817
661 9 785
662 134 146
663 2112 2438
664 108 530
665 465 733
666 980 2445
667 107 1282
668 3061 3291
669 3212 3773
670 2274 3568
671 3716 3905
672 1367 2780
673 142 206
674 4158 4177
675 1388 3084
676 1036 2126
677 1952 1971
678 868 1378
679 27 50
680 128 156
681 776 1601
682 279 1777
683 4293 4437
684 1227 1672
685 526 1006
686 843 873
687 2030 2362
688 898 2282
689 599 619
690 1358 2706
691 287 946
692 400 929
693 9 514
694 183 1480
695 3409 3525
696 33 2295
697 1886 2027
698 1945 2347
699 228 801
700 124 349
701 1197 1237
702 3220 3234
703 3591 4258
704 297 337
705 331 1416
706 7 50
707 2493 3291
708 786 799
709 271 352
710 106 114
711 460 2577
712 2840 3683
713 954 1065
714 1893 2463
715 25 4607
716 671 686
717 2812 2960
718 704 1213
719 1851 2657
720 151 160
721 1068 1093
722 790 1558
723 476 951
724 796 3720
725 1274 1636
726 1827 1888
727 489 1714
728 687 1899
729 258 391
730 77 108
731 399 483
732 894 1478
733 4284 4697
734 2678 2748
735 49 84
736 102 285
737 749 910
738 2745 3552
739 903 3895
740 1032 1180
741 419 425
742 76 178
743 98 201
744 853 856
745 2134 2653
746 647 724
747 2014 2219
748 2399 2735
749 3269 3503
750 1031 3064
751 927 938
752 1067 1765
753 822 1116
754 965 1358
755 112 127
756 591 592
757 1384 1930
758 230 320
759 2907 3292
760 2432 2557
761 904 1085
762 756 1048
763 1312 2518
764 1405 1429
765 820 1157
766 1043 1332
767 2726 3406
768 1952 2187
769 708 724
