3433
2 87081 191019
3 389964 401324
4 404698 749065
5 294401 853353
6 417570 424387
7 230311 405922
8 513717 616669
9 210455 698107
10 376919 519962
11 11195 18746
12 423578 441686
13 338049 632525
14 207287 247210
15 754068 767799
16 1078 1983
17 621484 622522
18 462987 552581
19 8875 21629
20 207462 356114
21 310124 334524
22 29385 59040
23 11649 459492
24 48107 56838
25 632856 705602
26 13499 658294
27 205832 353709
28 230384 296317
29 39717 193930
30 712019 723728
31 101230 275291
32 25140 29199
33 15875 600392
34 226009 418615
35 10936 21408
36 206049 451418
37 18192 39574
38 146134 172430
39 471587 711362
40 225729 236459
41 684456 694055
42 32728 50330
43 497881 604283
44 18091 42206
45 267480 273760
46 548596 835920
47 312981 315210
48 89862 382198
49 177299 280163
50 64934 123299
51 575592 626426
52 336442 555089
53 326806 651339
54 548796 571559
55 167405 675079
56 734005 788493
57 800862 801074
58 184789 903601
59 345155 475125
60 301414 329001
61 407085 417708
62 70709 82948
63 5651 11543
64 14248 15488
65 400902 427869
66 253438 410984
67 396147 415041
68 537373 619603
69 499690 514169
70 1032 96126
71 101749 113666
72 191353 223448
73 15806 139617
74 336480 627941
75 154407 296171
76 267722 285601
77 529083 692969
78 367972 864041
79 128483 481478
80 283952 291655
81 374636 426843
82 105667 184864
83 47136 965031
84 329075 340910
85 254308 277059
86 463961 493225
87 416039 469314
88 472483 488471
89 135224 158322
90 482201 583650
91 2532 54888
92 353677 376344
93 895971 903823
94 489162 503014
95 110677 118048
96 32547 102591
97 81540 204316
98 17066 56921
99 833 148845
100 399272 694928
101 693101 707154
102 508680 800667
103 107319 487472
104 256103 283151
105 27476 30591
106 521938 768599
107 97221 110794
108 41498 48911
109 12890 22197
110 34784 35357
111 123108 479412
112 188102 289516
113 97573 159202
114 73168 76051
115 514344 641946
116 942170 963775
117 135801 196834
118 194029 233890
119 175611 255232
120 21079 106124
121 54940 146194
122 646589 740417
123 23000 85721
124 546729 597186
125 134135 256773
126 495135 509347
127 79452 397184
128 383888 415874
129 636310 638789
130 53161 73321
131 56699 239396
132 647423 777894
133 542516 755748
134 267487 461920
135 477338 500257
136 31867 73933
137 225572 326744
138 20080 357377
139 301295 494324
140 512258 527608
141 404700 466568
142 950423 952033
143 166724 222573
144 107086 204907
145 794097 809451
146 259239 338456
147 21227 22164
148 429269 453043
149 423968 433575
150 214177 214522
151 160721 316972
152 17520 25525
153 784235 913254
154 32538 728962
155 97447 143533
156 176486 192166
157 92627 104137
158 294818 350213
159 34672 53265
160 18037 52421
161 779662 810304
162 932110 948127
163 61680 105821
164 626690 693361
165 152224 185829
166 707486 712325
167 770014 866057
168 365110 504257
169 31232 107779
170 285660 461226
171 3364 7551
172 360407 541570
173 424232 484095
174 89882 700993
175 324379 339613
176 253762 788056
177 1851 295912
178 394617 412101
179 667767 668016
180 21128 25369
181 45836 269263
182 76506 212194
183 244655 294239
184 700022 717833
185 36664 255254
186 183018 249754
187 128332 247580
188 14394 108171
189 92597 493630
190 50295 57235
191 165630 177296
192 32288 59975
193 891654 912842
194 2398 228882
195 733622 908982
196 638349 725446
197 149041 227503
198 779370 914571
199 353562 598991
200 184623 206449
201 260066 315889
202 114440 367692
203 59643 102370
204 36408 101033
205 2303 3273
206 46490 89192
207 61815 148362
208 6679 13215
209 2601 3948
210 837232 885362
211 54309 94739
212 349691 618112
213 167388 284605
214 433220 484617
215 281504 628411
216 13684 90344
217 504516 535343
218 42230 117042
219 537141 544410
220 242649 253208
221 174337 287750
222 219169 231396
223 439318 488103
224 8095 8919
225 122145 129624
226 14434 201132
227 119480 135579
228 756338 790077
229 476399 634284
230 698172 940798
231 154476 269764
232 231223 314193
233 758071 771724
234 187767 283271
235 747371 767308
236 138313 155712
237 79099 129695
238 107332 112824
239 484088 486489
240 25167 54374
241 75095 143793
242 394267 525318
243 286595 319799
244 522806 524691
245 671888 680856
246 95750 136688
247 534778 549044
248 10508 78486
249 189294 393915
250 49479 59802
251 63426 847364
252 534308 737537
253 3637 18465
254 52835 197967
255 98772 696036
256 252123 549822
257 293392 360279
258 13482 65296
259 553949 890549
260 304479 375375
261 175123 525417
262 472724 646088
263 2357 4212
264 752234 760756
265 151519 181158
266 466728 470380
267 729134 774727
268 11223 409593
269 550891 571752
270 238288 490938
271 362632 418163
272 25165 68208
273 54922 69829
274 27739 148675
275 441595 507946
276 113635 184332
277 381644 388930
278 123025 160212
279 217644 261242
280 32226 108736
281 18711 175304
282 119470 579105
283 23871 386495
284 163689 646286
285 352368 480045
286 327217 330331
287 327958 357805
288 19896 22123
289 83130 115831
290 72822 107452
291 86729 299310
292 628545 664159
293 301650 589318
294 665600 676425
295 216291 286772
296 18296 31299
297 29699 34145
298 921 25231
299 16324 131794
300 363280 407073
301 131918 236686
302 54697 174368
303 5341 9917
304 268264 325242
305 424140 672891
306 194358 243520
307 31546 74049
308 145519 282081
309 308305 424725
310 10549 204905
311 414580 774145
312 38081 584625
313 249655 480769
314 110411 119261
315 235876 325603
316 226904 373447
317 415007 445767
318 5603 13615
319 114910 115128
320 137687 179796
321 177652 553523
322 13945 347235
323 51767 89273
324 594141 634608
325 92546 173929
326 256570 877085
327 39048 275084
328 340266 359275
329 258757 290333
330 349635 597087
331 269031 638734
332 143763 349191
333 95788 114563
334 291343 381915
335 114927 162186
336 658930 719429
337 90132 101256
338 247868 666628
339 250687 254319
340 835965 868033
341 135193 147269
342 347039 384337
343 72019 91908
344 209247 367108
345 130604 243442
346 570409 785500
347 678490 685500
348 390073 415133
349 102421 170036
350 180047 384946
351 100695 169279
352 674400 780667
353 855952 900084
354 242831 262242
355 65042 568753
356 99202 114078
357 369601 436506
358 9338 57850
359 111624 140174
360 56784 65031
361 610114 733495
362 549470 674574
363 243877 248547
364 363113 467842
365 33425 39182
366 187388 222602
367 534502 584727
368 158768 284138
369 146879 186989
370 116343 116659
371 655550 952820
372 347789 491776
373 137602 177657
374 19417 240708
375 50 18108
376 63892 65101
377 516959 599011
378 196306 353253
379 186013 324685
380 553988 761637
381 465437 510092
382 125834 272587
383 65695 126525
384 31678 97651
385 409714 422225
386 377523 411342
387 472858 510160
388 534101 813135
389 318885 478768
390 112060 118946
391 335849 342989
392 330118 655254
393 269810 274608
394 275379 347542
395 183415 262922
396 442052 534574
397 294301 392759
398 202860 207540
399 142350 205121
400 172557 191150
401 21799 507209
402 313720 336908
403 198181 309271
404 9661 148360
405 14032 48604
406 75875 78466
407 54602 106042
408 23348 27357
409 376709 541364
410 832184 885417
411 248173 366023
412 23234 53460
413 601179 792888
414 69956 232882
415 155497 477126
416 230829 435175
417 151790 357948
418 4142 506948
419 457621 482415
420 259502 278221
421 475590 486707
422 830272 839540
423 8913 24241
424 288805 306266
425 84111 149873
426 13512 108188
427 726908 832152
428 372285 662739
429 322549 403424
430 89716 256770
431 135162 351281
432 308186 334901
433 156297 170682
434 30242 43549
435 3079 39864
436 208380 228579
437 34838 354686
438 733810 852454
439 86334 103570
440 219748 337629
441 221720 250849
442 271756 285669
443 12494 12859
444 380659 396524
445 50480 65606
446 410416 439366
447 120574 149968
448 45344 86055
449 10735 185115
450 127049 277911
451 85009 142223
452 613446 660745
453 8669 8971
454 27665 634494
455 314364 349362
456 49862 69042
457 286792 455772
458 118293 478352
459 129938 194441
460 54632 77751
461 261654 682056
462 53213 58831
463 124459 190509
464 347557 667532
465 94260 187962
466 48683 87855
467 111235 520823
468 40817 65629
469 189293 564870
470 159548 161218
471 405753 480695
472 10798 20941
473 214864 226188
474 196742 289114
475 289828 326087
476 258829 263891
477 372277 486906
478 38923 42711
479 139274 200134
480 121656 137838
481 92255 278352
482 494770 560906
483 601279 908741
484 503257 519879
485 30169 122354
486 328415 560742
487 177571 297105
488 3443 159513
489 100878 102522
490 271495 485545
491 11225 105465
492 110387 171153
493 105787 351999
494 141358 216627
495 80491 187418
496 300904 390652
497 93119 178123
498 450599 532093
499 366106 622971
500 19567 50443
501 165705 324010
502 101488 550358
503 245115 264108
504 369100 426297
505 363123 530314
506 6463 215211
507 451842 571614
508 423522 598108
509 138132 437505
510 115219 190005
511 274767 305390
512 541580 746403
513 290924 607820
514 482899 632639
515 64408 703278
516 103139 233127
517 199603 347202
518 71062 155946
519 31278 148231
520 54176 79321
521 68126 439194
522 282371 312504
523 211102 219548
524 3254 36386
525 594588 688638
526 79919 191397
527 29927 30993
528 31522 78915
529 35592 78507
530 58242 59952
531 296604 801802
532 186002 271308
533 125121 337330
534 171406 243524
535 95600 117572
536 471193 561239
537 91411 118508
538 71128 753875
539 35960 498221
540 334656 737936
541 100801 732381
542 278952 279879
543 289463 301837
544 54663 168239
545 178365 276576
546 13825 33890
547 344041 561732
548 453626 464716
549 146292 150487
550 88429 94312
551 62875 465965
552 478682 526537
553 524970 531431
554 34850 53844
555 44965 78059
556 232271 293603
557 13427 15360
558 435279 482612
559 586713 597599
560 309852 419522
561 872 1046
562 486159 625535
563 363996 498691
564 95909 183346
565 156798 288668
566 399236 458112
567 263540 311876
568 268012 292634
569 40120 63389
570 156871 699892
571 401247 502339
572 44429 48928
573 150660 247918
574 245826 391143
575 554191 560142
576 9603 21351
577 193939 391327
578 325934 383533
579 597064 651970
580 203099 241596
581 42431 278579
582 589971 611710
583 132787 179760
584 127044 241887
585 508768 773704
586 21476 73132
587 122483 416922
588 20304 553005
589 175082 210589
590 68655 99005
591 337373 387575
592 750 74325
593 99377 126785
594 87226 269440
595 158182 159788
596 253498 292687
597 179036 343739
598 381269 399635
599 343995 440609
600 685941 692846
601 65048 66857
602 68527 704768
603 413132 433686
604 36588 246041
605 31320 51747
606 253852 360037
607 551136 553097
608 251680 361652
609 619262 627275
610 344616 368553
611 157808 578024
612 215650 221398
613 14123 76776
614 170059 172416
615 20316 167166
616 54057 55439
617 18215 22039
618 3486 208078
619 48911 214564
620 660947 690724
621 49395 73757
622 99459 674492
623 55317 100937
624 161979 204218
625 566421 578732
626 502 1740
627 46903 58870
628 57817 313206
629 446290 683670
630 3858 95888
631 99380 724662
632 179396 269628
633 38884 74819
634 565458 747694
635 100588 336740
636 531415 552214
637 146721 147006
638 166380 348179
639 61212 456866
640 133349 599540
641 113412 381956
642 348080 399012
643 45611 51712
644 37100 716496
645 36333 48788
646 138884 180677
647 266002 328022
648 72394 143777
649 103338 121956
650 814469 962792
651 80017 98724
652 9682 293251
653 718657 720433
654 104258 112287
655 34965 502947
656 56262 630571
657 98178 158716
658 1273 345129
659 391454 424089
660 144220 208340
661 409023 556299
662 46854 447396
663 48519 75497
664 4560 65126
665 321650 503580
666 30730 53512
667 298335 299696
668 90453 168078
669 455287 539948
670 9975 11423
671 54163 55597
672 4747 11172
673 55641 73443
674 245167 516052
675 187253 197524
676 686725 750101
677 252911 325654
678 162817 202333
679 397564 759012
680 159605 238715
681 129011 340237
682 303007 339053
683 7051 12425
684 140289 355171
685 167210 219595
686 58152 68963
687 109890 114805
688 71819 139774
689 198811 445916
690 221837 292238
691 600340 641023
692 111059 221301
693 101410 132047
694 448660 453383
695 836708 899273
696 834286 914192
697 101234 102170
698 169555 224169
699 96563 127574
700 445491 530689
701 429059 455981
702 86302 273193
703 21157 359784
704 24939 35918
705 271853 272024
706 487831 495003
707 654050 779366
708 594429 638560
709 281196 283791
710 226330 227603
711 366361 644031
712 70306 126733
713 222536 272636
714 198217 217246
715 30158 325399
716 68623 180289
717 99352 278133
718 6446 6561
719 245184 280889
720 125060 376877
721 12806 168693
722 99656 204207
723 43759 80520
724 30270 594442
725 608156 609659
726 8601 37272
727 204318 209385
728 223743 291775
729 254937 254958
730 12489 13552
731 157942 592355
732 86396 93651
733 124165 166265
734 9793 16450
735 153220 238857
736 815096 900240
737 221386 259359
738 661283 787171
739 86158 100603
740 267413 281071
741 756888 837457
742 523107 638369
743 39210 69944
744 252406 561274
745 55257 170173
746 419977 713676
747 141544 187066
748 403034 634772
749 3160 44528
750 121108 473061
751 26269 36680
752 16638 361622
753 85331 123703
754 763450 783304
755 65594 227504
756 638378 650259
757 33442 34640
758 652818 653589
759 373527 391843
760 152307 343349
761 63124 127560
762 144834 154282
763 393640 447362
764 14579 16214
765 92071 94444
766 830434 839891
767 45089 51225
768 486674 513628
769 284158 413816
770 248898 422711
771 209292 211279
772 707409 758046
773 240657 418212
774 85749 306895
775 16071 27299
776 330743 412407
777 73703 98456
778 7942 26811
779 39533 303698
780 526841 715729
781 306627 335901
782 113750 211189
783 259629 263786
784 126336 454996
785 779080 824061
786 73302 566147
787 378465 378866
788 595759 733107
789 233278 257625
790 91609 289314
791 202753 632108
792 520673 683372
793 175181 242681
794 657295 694272
795 247815 339873
796 211830 232137
797 355333 434816
798 684405 820006
799 30604 585849
800 422722 438086
801 367241 453217
802 129372 150080
803 93222 680556
804 441707 542797
805 182758 885086
806 166621 210615
807 42390 53088
808 160035 241396
809 294318 456980
810 12053 16019
811 220463 293452
812 397226 452181
813 5327 168444
814 152678 309434
815 210757 420790
816 477552 538445
817 192158 312009
818 382533 408182
819 41055 847858
820 832139 876820
821 191699 193341
822 373388 526570
823 414947 553370
824 172887 225110
825 412315 472028
826 722686 725212
827 50482 94428
828 148439 292399
829 81617 82052
830 189029 453024
831 29751 30075
832 418509 447845
833 460452 479044
834 28732 30927
835 321726 357050
836 347313 428052
837 310681 406438
838 859 1326
839 2419 2549
840 111487 128016
841 521284 595999
842 574236 668242
843 53286 91228
844 535949 585352
845 265037 579265
846 243018 335419
847 241809 602822
848 248019 358273
849 149422 467406
850 236651 302012
851 106756 110976
852 7786 68647
853 551065 761068
854 51501 297733
855 868583 905951
856 65771 175956
857 80648 260962
858 330801 605964
859 703172 771972
860 271111 376804
861 7701 12803
862 12451 12946
863 43009 349004
864 22986 25815
865 551690 603606
866 219099 290821
867 305225 381898
868 596021 634863
869 39500 62072
870 67718 183892
871 450064 788453
872 141887 265756
873 426093 449508
874 50038 294344
875 101243 120870
876 27862 139259
877 440780 581304
878 277903 443765
879 227990 434938
880 265080 643914
881 23320 628662
882 6874 39399
883 411152 711476
884 2632 41965
885 89125 92605
886 722978 890617
887 379177 425411
888 305377 436426
889 211761 215257
890 673320 873826
891 487134 566801
892 681910 710372
893 14396 22121
894 103894 185571
895 177778 272349
896 661873 664638
897 615983 652403
898 456420 457128
899 76220 360675
900 110716 215778
901 59786 134494
902 498725 736112
903 30171 576160
904 383418 385261
905 20380 34047
906 467036 509692
907 144735 266757
908 5340 106020
909 499893 538849
910 175112 314916
911 360329 395420
912 265687 477125
913 104823 463451
914 133955 158447
915 232275 350510
916 178604 217716
917 294012 295434
918 155309 898953
919 344422 679349
920 62108 66994
921 417271 432335
922 131416 253159
923 490117 553345
924 2395 131015
925 414065 503464
926 457406 822028
927 74612 91037
928 174937 424840
929 159208 803887
930 304031 319276
931 95071 140612
932 199545 266921
933 102354 107227
934 127970 136307
935 1836 2606
936 681453 726369
937 334485 339345
938 106692 173064
939 960471 964317
940 378422 405130
941 175630 177045
942 60767 65368
943 72613 236624
944 8353 73049
945 318704 388249
946 276134 445765
947 162102 293755
948 117 1516
949 306271 478424
950 17952 189281
951 109260 182422
952 723414 788291
953 59723 237371
954 43574 70491
955 130263 209825
956 758498 798606
957 37519 85727
958 210029 452218
959 360976 412172
960 124548 306280
961 421568 489937
962 393963 613721
963 135872 487638
964 769631 822349
965 12523 85862
966 393834 559157
967 314648 438476
968 85184 140311
969 201324 266471
970 419796 528617
971 3081 15450
972 51473 88473
973 358479 362923
974 24036 664502
975 137951 596924
976 564881 567604
977 72395 117030
978 449074 656742
979 599417 639919
980 288800 308974
981 15232 49432
982 25480 26679
983 14348 473914
984 102305 174166
985 104833 305050
986 448033 467734
987 181360 239480
988 845882 859066
989 396161 580903
990 96223 185314
991 101836 165682
992 158420 268728
993 590770 677708
994 371740 456083
995 62660 196274
996 50128 51245
997 404115 593956
998 14617 38683
999 700 69071
1000 307046 414701
1001 148934 152850
1002 300604 444705
1003 97788 109040
1004 29194 291554
1005 179704 388060
1006 308775 399343
1007 83873 156178
1008 201682 346544
1009 89137 150413
1010 60469 79961
1011 706453 746098
1012 160224 301811
1013 68655 194017
1014 689901 717104
1015 219265 230017
1016 258005 264949
1017 51322 435091
1018 220065 221300
1019 167258 489279
1020 269560 527604
1021 244624 247636
1022 373495 564504
1023 705575 769027
1024 433761 499168
1025 501589 625720
1026 797274 921090
1027 9591 59728
1028 285344 317987
1029 106208 117739
1030 320752 366953
1031 419042 677269
1032 482799 499163
1033 213493 401296
1034 94010 179936
1035 60206 922159
1036 325010 598246
1037 558070 610003
1038 75188 82942
1039 137444 212609
1040 172492 191360
1041 310043 604386
1042 45096 105826
1043 22609 343901
1044 418713 632131
1045 214392 350787
1046 511899 782635
1047 237317 269764
1048 96993 480673
1049 596356 725987
1050 298078 388423
1051 216669 225076
1052 30523 358174
1053 301084 514779
1054 892294 921416
1055 580324 592239
1056 282111 321266
1057 94199 105710
1058 14556 169336
1059 23745 60229
1060 254923 258521
1061 72331 115914
1062 157723 167757
1063 8015 8699
1064 159076 209656
1065 258880 272324
1066 323912 395392
1067 946541 947141
1068 71901 229389
1069 213134 268522
1070 223646 396549
1071 295346 487671
1072 337389 378372
1073 499517 682451
1074 322813 327386
1075 117134 291833
1076 477012 611034
1077 358672 532563
1078 646767 658952
1079 123624 148577
1080 244377 513050
1081 100474 113629
1082 449554 457284
1083 8914 110532
1084 132880 180916
1085 21490 21857
1086 493852 693815
1087 314897 393642
1088 252397 495295
1089 493773 497072
1090 274031 544052
1091 202109 216863
1092 624867 737260
1093 610845 667908
1094 13363 57373
1095 574457 834638
1096 65547 98404
1097 150742 384501
1098 266110 318436
1099 586490 592731
1100 710573 795312
1101 604455 698646
1102 709159 799817
1103 193048 256992
1104 265621 473273
1105 235994 347305
1106 564385 577685
1107 472466 681899
1108 421665 432011
1109 32086 613486
1110 426217 427017
1111 156510 574163
1112 176769 224860
1113 340822 388051
1114 156141 363257
1115 306591 348599
1116 423762 436653
1117 743081 771155
1118 58792 64765
1119 18060 32806
1120 281426 361931
1121 12707 25769
1122 236240 487495
1123 307112 309401
1124 20012 238372
1125 542229 560271
1126 304613 399807
1127 3535 9888
1128 173113 778107
1129 321128 661926
1130 41673 48461
1131 444796 453480
1132 438717 734345
1133 149581 150946
1134 506231 519218
1135 80506 331394
1136 112743 284213
1137 133866 268911
1138 155656 285215
1139 42544 274789
1140 79734 134121
1141 537767 553802
1142 419746 458827
1143 149891 189838
1144 72707 83039
1145 202073 453427
1146 246920 318238
1147 307408 323409
1148 41152 90053
1149 148957 150547
1150 20309 48402
1151 55742 59143
1152 211009 213515
1153 840895 866119
1154 111279 138240
1155 213620 235728
1156 133467 160012
1157 97141 161659
1158 539928 545886
1159 398218 426054
1160 98576 234675
1161 10554 187319
1162 500371 538879
1163 452522 624597
1164 33970 106059
1165 32303 88806
1166 2876 103625
1167 20537 91875
1168 11493 680982
1169 120598 120723
1170 444189 620107
1171 779511 817733
1172 71070 117070
1173 334068 563875
1174 133881 212619
1175 86584 94471
1176 196664 197388
1177 183167 519754
1178 236078 278407
1179 46504 64412
1180 107704 116795
1181 241417 254576
1182 958511 994744
1183 186163 221728
1184 316049 384786
1185 48848 63605
1186 99173 178724
1187 6146 261834
1188 488407 519310
1189 39886 129310
1190 608184 754613
1191 65008 87329
1192 34012 41357
1193 23708 42554
1194 742556 746088
1195 453233 525167
1196 90069 191982
1197 18494 43578
1198 74337 78174
1199 265620 517522
1200 200783 268864
1201 301344 455666
1202 295071 848565
1203 660407 674357
1204 586807 761496
1205 197380 736408
1206 168632 412356
1207 206509 286731
1208 14611 18759
1209 72604 221503
1210 566245 574055
1211 166595 405888
1212 621687 633926
1213 145408 337622
1214 873261 917513
1215 311275 351765
1216 893475 897548
1217 458816 476013
1218 685297 693813
1219 679343 692339
1220 495869 649555
1221 234744 261504
1222 12063 19673
1223 191575 206812
1224 39075 140316
1225 31656 48402
1226 243957 254031
1227 297977 307571
1228 267776 323547
1229 236910 316673
1230 458960 571563
1231 34906 89876
1232 723088 741705
1233 212040 351924
1234 314642 504892
1235 77904 357229
1236 354839 361468
1237 146714 472977
1238 78481 126795
1239 154555 298652
1240 438470 446631
1241 233990 489450
1242 159379 234247
1243 440936 487683
1244 73569 74018
1245 343466 599589
1246 536024 544403
1247 382158 424051
1248 482120 514876
1249 118522 166868
1250 628146 691788
1251 305803 360785
1252 29442 142198
1253 5846 45251
1254 562263 645627
1255 266926 315008
1256 400800 440512
1257 252546 526290
1258 55059 81423
1259 219618 241321
1260 21002 457857
1261 132727 241502
1262 370273 421739
1263 161078 164399
1264 33925 846853
1265 91161 224431
1266 103298 107288
1267 785399 863774
1268 26046 609043
1269 400198 435411
1270 24969 48856
1271 683497 706873
1272 235119 256625
1273 280194 360438
1274 46261 157111
1275 201383 217816
1276 320719 351661
1277 81199 925126
1278 65381 110032
1279 30666 41398
1280 80868 95326
1281 269522 519229
1282 737620 795180
1283 176931 179732
1284 178892 513081
1285 13088 215527
1286 46583 67990
1287 272136 479361
1288 6708 18933
1289 772022 881702
1290 77513 233817
1291 2396 4409
1292 131104 319403
1293 77370 307284
1294 826293 847616
1295 151570 159721
1296 75841 105020
1297 111560 349186
1298 87151 96904
1299 245087 256091
1300 22684 51723
1301 586097 600388
1302 120958 222807
1303 46975 52869
1304 459721 519966
1305 75359 185443
1306 659424 660100
1307 396458 759124
1308 123450 151742
1309 39514 69307
1310 161470 275640
1311 292868 410276
1312 422902 482478
1313 62424 155664
1314 555882 601239
1315 84866 95961
1316 175427 266864
1317 452273 480585
1318 266977 299760
1319 16135 86185
1320 60595 190938
1321 588713 891893
1322 337948 346872
1323 348085 641748
1324 7555 127674
1325 35868 40968
1326 149834 235214
1327 16520 37800
1328 17977 19420
1329 224402 490621
1330 259225 403436
1331 140705 557197
1332 15635 29622
1333 870117 885233
1334 218837 564715
1335 186392 292299
1336 731954 865579
1337 165098 171582
1338 464355 472935
1339 18732 47090
1340 66556 71627
1341 198791 299650
1342 128202 229621
1343 141739 146255
1344 129593 225325
1345 599072 886916
1346 132325 134877
1347 126930 128588
1348 859009 895779
1349 547205 551778
1350 25098 575872
1351 641740 713230
1352 118496 170109
1353 118790 424402
1354 614037 858518
1355 75074 138826
1356 247479 580544
1357 359 34571
1358 67625 72191
1359 5392 43624
1360 20412 424575
1361 705000 717256
1362 6748 83440
1363 316472 893366
1364 482733 483774
1365 374914 376518
1366 3653 57951
1367 763050 834503
1368 550223 760985
1369 430011 460211
1370 758399 790112
1371 14855 196895
1372 125571 747538
1373 162000 258809
1374 103509 178345
1375 12494 27497
1376 56966 83422
1377 449442 524589
1378 495599 597988
1379 32918 928701
1380 753465 851591
1381 87471 270414
1382 134491 134510
1383 498327 656657
1384 303027 671935
1385 369686 423975
1386 357335 385083
1387 931 978
1388 128010 131721
1389 198485 487182
1390 107780 210750
1391 367702 530392
1392 48703 50789
1393 392325 566313
1394 98725 118963
1395 193098 375492
1396 22284 58844
1397 117113 125677
1398 153588 197227
1399 119426 125020
1400 115767 228665
1401 272751 580226
1402 30911 34239
1403 637961 903260
1404 32187 32346
1405 394477 495938
1406 446165 699910
1407 80919 310012
1408 213576 378807
1409 35969 46119
1410 283327 396815
1411 353762 409467
1412 183583 251393
1413 365132 371368
1414 268104 481412
1415 106188 196103
1416 94185 359942
1417 88701 124567
1418 526499 734121
1419 637042 708129
1420 416755 782546
1421 163422 245376
1422 245701 564073
1423 71496 133528
1424 376287 376975
1425 103046 105338
1426 359254 377075
1427 223108 268908
1428 294522 514737
1429 606531 755040
1430 703974 843294
1431 246350 346282
1432 31548 59455
1433 294088 381613
1434 73889 79104
1435 248021 275726
1436 240871 509940
1437 78739 109400
1438 391656 451199
1439 130716 137713
1440 743963 744017
1441 157805 329539
1442 460153 603233
1443 156099 239602
1444 200170 210959
1445 208171 220956
1446 31273 351545
1447 440365 440990
1448 10464 295492
1449 484560 484568
1450 45716 47541
1451 108823 126283
1452 64120 84388
1453 53436 319603
1454 107112 322907
1455 321253 578166
1456 24275 31727
1457 35183 112537
1458 59255 95105
1459 170605 719483
1460 55920 60138
1461 335699 588946
1462 265376 515772
1463 96316 101706
1464 299443 422044
1465 5753 81201
1466 24599 45740
1467 13483 90132
1468 1095 7499
1469 496675 558422
1470 496839 530043
1471 624641 801112
1472 330711 527211
1473 768402 838710
1474 73935 97608
1475 152837 285371
1476 135989 480874
1477 357323 515754
1478 160171 816870
1479 145679 182283
1480 322523 678057
1481 295970 331878
1482 175328 194812
1483 737481 777561
1484 151078 165707
1485 108474 128666
1486 6438 8057
1487 29161 52600
1488 471188 629051
1489 303968 360318
1490 65162 74973
1491 62767 105617
1492 20252 28230
1493 89571 161485
1494 139202 250951
1495 280418 386575
1496 518575 542413
1497 264078 309737
1498 126098 341002
1499 110286 167038
1500 849911 898280
1501 191551 236106
1502 612683 612960
1503 128759 256896
1504 225428 403944
1505 403113 668010
1506 679395 767611
1507 104 2391
1508 342895 484607
1509 25998 130681
1510 222489 309387
1511 796594 830901
1512 208517 248654
1513 551598 628653
1514 285397 384478
1515 226917 466549
1516 193704 240640
1517 49488 61202
1518 293895 634072
1519 109146 136090
1520 58322 544394
1521 69649 181344
1522 37971 46258
1523 195980 389904
1524 159718 180938
1525 658332 660324
1526 134164 136093
1527 20588 420067
1528 490958 650847
1529 262492 443744
1530 165005 488414
1531 528968 531355
1532 345648 543405
1533 462320 569160
1534 3163 221371
1535 465200 467761
1536 128809 403718
1537 85370 97011
1538 250639 384938
1539 46278 93092
1540 668266 782135
1541 100927 112963
1542 339301 342895
1543 56660 61814
1544 413299 465004
1545 99615 310331
1546 474003 620120
1547 843720 860013
1548 504778 531320
1549 62794 235432
1550 210688 227604
1551 134569 138421
1552 478228 526760
1553 763807 803706
1554 491690 509343
1555 147347 218705
1556 577062 714776
1557 377760 682507
1558 720286 737321
1559 402064 407344
1560 998 16459
1561 112252 115860
1562 747992 768743
1563 754504 824308
1564 11255 72931
1565 53355 83948
1566 254240 258999
1567 222969 638686
1568 70498 84723
1569 8185 388012
1570 268676 454298
1571 80219 137345
1572 92651 686290
1573 44190 441616
1574 161203 238755
1575 131145 198298
1576 627863 646552
1577 673408 924216
1578 696667 953259
1579 86112 702363
1580 44779 280283
1581 165600 166985
1582 265803 268189
1583 30120 83052
1584 41998 43211
1585 178278 319240
1586 276434 318386
1587 35436 59405
1588 174410 197943
1589 461334 542607
1590 29279 173235
1591 479400 483965
1592 483295 521170
1593 159159 164757
1594 102667 141180
1595 575641 594323
1596 12630 16413
1597 135919 392868
1598 54720 79478
1599 899901 924198
1600 322459 380111
1601 13259 30536
1602 68020 135556
1603 335888 557147
1604 455597 480486
1605 229148 242153
1606 417395 593105
1607 226637 250297
1608 1979 68115
1609 499429 645058
1610 254245 283944
1611 664396 683871
1612 270814 590294
1613 220558 281105
1614 132794 256778
1615 679258 836100
1616 205063 206724
1617 211969 708800
1618 343157 428727
1619 95452 514746
1620 110734 231279
1621 108137 169308
1622 260608 366172
1623 17610 115562
1624 166539 170746
1625 812788 839001
1626 26779 156548
1627 164965 703286
1628 288964 295536
1629 529691 702099
1630 251334 255605
1631 138726 171090
1632 169815 194906
1633 476676 773598
1634 22192 337236
1635 800820 812508
1636 82035 358182
1637 44595 87999
1638 213549 217237
1639 277561 309663
1640 71175 109319
1641 303207 310734
1642 147501 405659
1643 233339 300355
1644 521856 589995
1645 79651 108030
1646 17892 30978
1647 113734 217938
1648 56195 100607
1649 303786 375441
1650 24642 101147
1651 171363 272345
1652 295311 531521
1653 345880 377610
1654 459328 537193
1655 70677 111388
1656 185054 263231
1657 590149 709780
1658 205798 239624
1659 34241 179777
1660 187 691
1661 293484 448753
1662 2539 18446
1663 674 773
1664 101977 183742
1665 345918 385528
1666 871430 894321
1667 259999 312987
1668 611768 664164
1669 67624 176014
1670 98368 102415
1671 216828 320600
1672 846006 870506
1673 19681 19995
1674 372786 714633
1675 87802 154442
1676 158318 161132
1677 10858 117117
1678 78592 429987
1679 127831 280640
1680 418748 569313
1681 375931 600818
1682 710139 877811
1683 136332 190552
1684 286772 337833
1685 25716 246921
1686 6043 21570
1687 16721 149076
1688 188065 214162
1689 375458 434731
1690 433827 568489
1691 105670 180949
1692 16702 17697
1693 346814 528702
1694 322382 386357
1695 18475 78171
1696 253172 397943
1697 253537 367918
1698 296782 371534
1699 768204 815439
1700 1436 1473
1701 277791 379098
1702 448122 781498
1703 133655 164957
1704 251518 419949
1705 132409 158027
1706 227349 280009
1707 330504 589831
1708 413865 594287
1709 281792 440109
1710 77834 344588
1711 921768 934686
1712 112631 146132
1713 137403 157923
1714 37866 58211
1715 369641 372275
1716 481961 705543
1717 579190 580680
1718 18934 20169
1719 12314 17278
1720 70931 103576
1721 398534 612416
1722 417484 489788
1723 104656 124985
1724 45060 85453
1725 144861 167564
1726 694926 722278
1727 378154 380332
1728 277637 428724
1729 180252 670903
1730 262822 275095
1731 339590 567017
1732 258790 262015
1733 475369 672057
1734 417223 762693
1735 549753 838254
1736 12099 131481
1737 290224 400390
1738 639476 640219
1739 346811 532779
1740 712498 821479
1741 97985 239900
1742 4947 182575
1743 234320 236159
1744 103627 756334
1745 8818 13696
1746 120978 137854
1747 307443 395590
1748 514922 721781
1749 490159 490645
1750 4584 5932
1751 84042 87984
1752 120198 557884
1753 143833 541656
1754 209921 289518
1755 372181 450958
1756 55122 76048
1757 284569 512392
1758 138242 365081
1759 377184 393865
1760 33370 61090
1761 864295 903793
1762 202569 221525
1763 434015 618259
1764 589657 697123
1765 4575 9833
1766 70139 116915
1767 47725 73038
1768 805205 840676
1769 386840 645590
1770 105752 484308
1771 203518 208920
1772 192191 356875
1773 309600 387193
1774 109607 131770
1775 72276 207060
1776 245358 304686
1777 95878 208494
1778 214287 338752
1779 159671 351515
1780 235668 240924
1781 1888 72304
1782 70853 99733
1783 241024 337389
1784 248856 391111
1785 143728 425710
1786 193052 358022
1787 377407 602596
1788 266874 284925
1789 688808 694432
1790 145061 202106
1791 851938 914471
1792 98836 160934
1793 319032 457975
1794 29718 178951
1795 172303 211164
1796 7902 40083
1797 114787 922329
1798 170240 179944
1799 25010 35940
1800 65252 189389
1801 193093 777311
1802 244165 443617
1803 169965 200143
1804 131707 228645
1805 376850 462762
1806 135497 178527
1807 191444 229172
1808 109998 146250
1809 69345 69791
1810 4642 8333
1811 41581 85558
1812 76972 119959
1813 161410 276640
1814 173582 173968
1815 325352 340930
1816 324983 392797
1817 60382 127073
1818 555053 585336
1819 452446 654051
1820 808631 847073
1821 309714 394609
1822 419502 455891
1823 385532 542231
1824 120844 122464
1825 583839 714415
1826 164513 505634
1827 23259 28474
1828 567191 580390
1829 718161 865318
1830 9947 10951
1831 195603 206669
1832 79030 80343
1833 204306 281063
1834 124303 504170
1835 99992 105308
1836 367339 501592
1837 81428 247482
1838 2889 77058
1839 246253 304275
1840 512772 527905
1841 26022 279370
1842 759246 808572
1843 441112 470198
1844 762738 768505
1845 25659 129061
1846 219862 246646
1847 574472 619858
1848 292577 359411
1849 329924 340582
1850 320266 475917
1851 26943 27069
1852 294400 432615
1853 204297 399845
1854 631686 681565
1855 401596 524895
1856 444347 739137
1857 106847 253840
1858 13985 48283
1859 583777 613754
1860 773545 818933
1861 439304 753167
1862 197262 253343
1863 77564 371038
1864 129253 240834
1865 51325 117771
1866 137785 331036
1867 2299 2543
1868 273476 444500
1869 86509 115024
1870 54976 87011
1871 132488 318054
1872 418633 421165
1873 452793 555790
1874 610543 740560
1875 316681 393042
1876 355311 461164
1877 15131 15535
1878 146555 190400
1879 31106 52966
1880 450877 787615
1881 4775 95461
1882 59707 67403
1883 36918 197364
1884 500440 587481
1885 179064 187644
1886 633357 654736
1887 445743 500423
1888 526553 537530
1889 669636 822137
1890 237170 238684
1891 310381 568025
1892 715274 723374
1893 320972 471854
1894 307572 410521
1895 725315 775360
1896 124077 186410
1897 190939 195238
1898 213535 215841
1899 185185 187915
1900 139164 767584
1901 400355 416640
1902 48389 357452
1903 220727 366534
1904 5515 136973
1905 62966 68269
1906 87374 110063
1907 186225 217948
1908 598635 773446
1909 1468 83486
1910 88259 149981
1911 24733 144112
1912 463519 819844
1913 192591 229541
1914 34643 43040
1915 563652 588233
1916 168732 613267
1917 174511 365929
1918 74582 116875
1919 68510 98832
1920 410434 518750
1921 24871 830098
1922 113941 511665
1923 302314 320924
1924 341070 735416
1925 355778 774095
1926 657987 861167
1927 406287 411547
1928 228939 452988
1929 122883 131633
1930 141465 141907
1931 367585 643607
1932 165398 288404
1933 154484 251549
1934 321945 330493
1935 48109 48420
1936 493969 533632
1937 69564 125310
1938 466582 539674
1939 567344 682915
1940 204003 567430
1941 142086 171042
1942 429487 659872
1943 103136 202316
1944 354882 435330
1945 290571 676098
1946 329208 329930
1947 222109 270792
1948 362128 516425
1949 217264 226424
1950 27867 195528
1951 835972 867632
1952 26146 26225
1953 8479 193142
1954 185303 240941
1955 214549 245155
1956 514629 534251
1957 211237 284324
1958 56907 91297
1959 40642 117613
1960 35966 38624
1961 470568 481975
1962 109515 114073
1963 30563 568335
1964 36343 155174
1965 122584 510192
1966 240452 274483
1967 64551 143179
1968 19906 23648
1969 427384 559782
1970 4323 4411
1971 474558 618766
1972 45235 189441
1973 600390 657186
1974 272873 327302
1975 80198 574170
1976 264109 310470
1977 176169 181798
1978 146501 146874
1979 39083 62327
1980 127262 733780
1981 234928 274443
1982 360056 484312
1983 69169 94863
1984 53293 66960
1985 692430 699894
1986 155046 238270
1987 48477 214344
1988 318780 423242
1989 582233 585103
1990 64364 69804
1991 124204 243304
1992 108571 369114
1993 201072 329309
1994 87775 91361
1995 173894 854431
1996 20780 576040
1997 528711 935636
1998 383847 484169
1999 43890 143275
2000 436980 643001
2001 622642 692681
2002 36237 39788
2003 318172 352059
2004 351580 552227
2005 468 38900
2006 176004 186429
2007 65975 122204
2008 601356 624673
2009 321963 322172
2010 27314 59427
2011 302365 333916
2012 35359 39768
2013 5314 19790
2014 25429 265403
2015 261178 420250
2016 204739 359561
2017 393079 431741
2018 64321 211394
2019 444797 501614
2020 19061 22806
2021 89831 100112
2022 162560 277243
2023 12890 33412
2024 356059 427153
2025 55799 87711
2026 126668 203013
2027 72760 272834
2028 50431 94575
2029 63477 106075
2030 162415 163589
2031 267840 299719
2032 19763 180929
2033 489570 578625
2034 135463 162683
2035 131347 212345
2036 17283 34527
2037 447228 556649
2038 26671 35069
2039 254747 411623
2040 334831 348828
2041 850651 859829
2042 84519 540700
2043 29704 166945
2044 655060 688659
2045 40604 42534
2046 38827 45595
2047 608235 643814
2048 383314 452636
2049 81467 84513
2050 139075 154155
2051 351948 547348
2052 63093 109375
2053 319584 330046
2054 217791 635712
2055 51595 92812
2056 351836 517963
2057 141204 152259
2058 652965 690527
2059 455369 632174
2060 31298 41161
2061 137351 245692
2062 203691 717496
2063 423335 737644
2064 680899 701379
2065 597886 636851
2066 89596 103307
2067 544015 868893
2068 194243 257578
2069 261420 322588
2070 75964 547538
2071 650348 662032
2072 411360 435681
2073 162499 262737
2074 66145 594514
2075 616916 635106
2076 131500 224478
2077 300701 565358
2078 173335 463748
2079 721857 914999
2080 326691 337147
2081 45950 118938
2082 835665 896793
2083 235917 282759
2084 135928 671471
2085 408624 536678
2086 239042 281025
2087 69044 136244
2088 9134 9502
2089 917312 949689
2090 45455 417233
2091 96812 139892
2092 73907 78872
2093 629176 644278
2094 178299 434353
2095 159951 532980
2096 91140 98915
2097 207536 869479
2098 439489 820790
2099 251855 258695
2100 51288 90753
2101 9836 711256
2102 890881 891485
2103 223175 430313
2104 1086 17796
2105 169639 363158
2106 346966 349332
2107 641309 795214
2108 70611 81970
2109 145741 148070
2110 319321 357872
2111 194067 239093
2112 127026 201454
2113 362803 424032
2114 449097 515873
2115 241207 469033
2116 95263 123303
2117 40262 84625
2118 444404 659278
2119 379495 554794
2120 345066 442220
2121 35764 94190
2122 251745 275298
2123 116532 172906
2124 7366 9194
2125 260874 271002
2126 577093 642825
2127 153590 153711
2128 281783 552213
2129 548264 608388
2130 297139 344299
2131 86493 97427
2132 83537 806259
2133 62056 257635
2134 149935 166387
2135 265019 339693
2136 568000 766077
2137 560581 860395
2138 224224 449356
2139 106935 117217
2140 558 1454
2141 29268 29569
2142 85511 88614
2143 328907 364216
2144 37436 172530
2145 571772 711290
2146 235585 428395
2147 57239 476800
2148 411493 431205
2149 577609 660852
2150 542838 671310
2151 46301 59742
2152 399185 411288
2153 379604 553419
2154 242785 252120
2155 201037 269853
2156 370750 383273
2157 733664 807709
2158 545327 547778
2159 212422 356756
2160 518407 521321
2161 56197 76768
2162 224842 332565
2163 128871 175827
2164 645426 680654
2165 384907 449085
2166 58568 111639
2167 460807 509999
2168 766595 791690
2169 274273 548837
2170 78953 401333
2171 32859 55634
2172 267761 375149
2173 776437 816052
2174 4400 4688
2175 428580 433974
2176 274189 303778
2177 163503 215440
2178 22743 23838
2179 347593 728421
2180 109015 147855
2181 134129 206610
2182 229951 371113
2183 502318 507238
2184 377383 742036
2185 360583 387521
2186 351152 352499
2187 43056 366371
2188 248099 356865
2189 804861 822272
2190 35602 50469
2191 187442 190804
2192 211884 313644
2193 19368 103044
2194 327147 329411
2195 357950 615631
2196 862061 932516
2197 320611 392888
2198 73869 212395
2199 245663 456984
2200 65180 94377
2201 150956 359602
2202 182057 226912
2203 276841 299906
2204 10385 671275
2205 13420 271628
2206 6735 44003
2207 706316 728870
2208 261117 261825
2209 47366 397924
2210 67773 95420
2211 443581 502539
2212 58806 77923
2213 20751 22265
2214 203831 334006
2215 202381 227749
2216 12853 86615
2217 117724 177488
2218 124969 212999
2219 40661 50325
2220 200378 252072
2221 14169 14530
2222 601888 787907
2223 229035 269542
2224 68020 78607
2225 138951 141084
2226 278774 460973
2227 1840 145306
2228 210919 307661
2229 499450 698056
2230 387431 458471
2231 729455 856099
2232 228161 249733
2233 225400 272425
2234 1286 2353
2235 46820 125454
2236 469674 570298
2237 684887 803447
2238 18808 60675
2239 244833 319377
2240 38106 39629
2241 268221 361027
2242 108305 232849
2243 283634 360832
2244 15451 21137
2245 37848 775103
2246 537371 864093
2247 379412 391885
2248 2811 36904
2249 227532 370828
2250 31353 50182
2251 532654 660334
2252 451602 587978
2253 486013 495434
2254 566664 802457
2255 684149 728581
2256 83573 110450
2257 648459 704111
2258 59237 141417
2259 163621 842939
2260 547065 625312
2261 395222 718398
2262 616589 898213
2263 159521 178101
2264 723382 725403
2265 225369 334277
2266 275814 713448
2267 121978 145969
2268 565059 685407
2269 42281 250326
2270 917133 922212
2271 33109 38684
2272 306 1452
2273 265297 444625
2274 480897 596030
2275 81520 98787
2276 304699 540822
2277 8378 10480
2278 341352 395831
2279 512249 513921
2280 52136 66658
2281 36100 322471
2282 538961 651292
2283 299263 581613
2284 576588 799693
2285 42986 49039
2286 28006 28234
2287 169980 186905
2288 92925 98536
2289 112146 283128
2290 328416 343685
2291 271932 825284
2292 156798 212477
2293 490324 633171
2294 557322 615986
2295 859 948
2296 397983 638559
2297 323092 422031
2298 268174 289969
2299 117336 123744
2300 272645 417322
2301 114731 155883
2302 91017 99642
2303 62570 177695
2304 14664 238613
2305 549899 790555
2306 263016 333912
2307 274236 483961
2308 492112 524646
2309 148643 287359
2310 96780 233323
2311 69908 414457
2312 28996 75662
2313 48804 74399
2314 718187 799071
2315 589886 609055
2316 186179 187186
2317 564504 600177
2318 397741 763465
2319 126501 157318
2320 388956 561881
2321 257656 375603
2322 64786 66776
2323 725192 903094
2324 388692 496897
2325 259023 385246
2326 149832 149994
2327 353369 605749
2328 116608 262570
2329 431359 491373
2330 789950 811157
2331 718396 803677
2332 174170 200095
2333 35566 64820
2334 49577 58716
2335 134002 635571
2336 562428 617510
2337 420880 440016
2338 510823 521083
2339 146695 176577
2340 614259 742945
2341 145546 272355
2342 11187 15011
2343 470445 478250
2344 551275 641184
2345 21241 29784
2346 138406 264089
2347 41027 84831
2348 356746 380437
2349 48071 74697
2350 25342 149538
2351 303125 699068
2352 119457 209009
2353 406903 421227
2354 284937 316857
2355 632471 822194
2356 5014 238995
2357 319558 494353
2358 256117 540018
2359 67852 422350
2360 327451 379112
2361 49755 320451
2362 696265 840826
2363 349904 358230
2364 111843 113665
2365 119583 120671
2366 12304 12969
2367 262238 292165
2368 99515 145531
2369 254714 405943
2370 291613 356521
2371 270955 378598
2372 185284 336849
2373 375645 503980
2374 387937 603842
2375 445299 701883
2376 26465 29376
2377 98352 109886
2378 391860 397316
2379 353589 415189
2380 382069 576014
2381 67144 115367
2382 639357 665056
2383 536741 742183
2384 593855 689111
2385 3741 44361
2386 259732 282133
2387 289902 290462
2388 209045 742003
2389 15101 23255
2390 270216 467434
2391 751666 766685
2392 257543 500001
2393 120399 152793
2394 834782 883473
2395 272943 340739
2396 539780 654142
2397 161549 303356
2398 226437 311886
2399 105141 197420
2400 57286 180341
2401 615 18990
2402 126512 159206
2403 158152 186698
2404 371776 404467
2405 61420 63266
2406 13983 14306
2407 150014 198956
2408 75078 77996
2409 418172 675448
2410 410812 485905
2411 584876 703378
2412 34590 59587
2413 340378 379078
2414 445195 463770
2415 134252 349206
2416 226163 256095
2417 391676 426185
2418 788770 823051
2419 112245 171775
2420 64499 137666
2421 116510 201027
2422 52918 243102
2423 342419 384640
2424 36984 108346
2425 839279 926463
2426 485866 772903
2427 18657 31334
2428 24580 121473
2429 106007 333902
2430 336198 431563
2431 568988 802414
2432 167651 179787
2433 146090 937494
2434 18932 112382
2435 924585 924982
2436 81129 149812
2437 350566 366475
2438 162329 198168
2439 5338 15025
2440 72898 130726
2441 156186 198562
2442 84576 512064
2443 498998 501272
2444 308801 319838
2445 165218 471153
2446 134667 356587
2447 238151 473078
2448 689231 821038
2449 6960 122087
2450 663696 709176
2451 870855 871167
2452 122407 157533
2453 714887 794363
2454 43428 46978
2455 55235 99275
2456 21607 24732
2457 195462 253671
2458 196155 360877
2459 75004 444754
2460 571153 582338
2461 429002 679578
2462 203174 219341
2463 192308 826037
2464 169473 180459
2465 210151 356585
2466 20691 370413
2467 384390 384628
2468 203241 326250
2469 168515 205185
2470 81511 454225
2471 300378 387487
2472 25443 155613
2473 613775 624577
2474 279195 676124
2475 383388 562090
2476 269331 308878
2477 291655 367063
2478 167211 506802
2479 332192 385789
2480 7936 122309
2481 48198 294711
2482 326534 498126
2483 110767 123564
2484 62185 72683
2485 503415 787892
2486 678709 763204
2487 590492 660073
2488 129502 131389
2489 6866 176623
2490 12414 26164
2491 328223 407837
2492 119214 215485
2493 198822 556579
2494 73868 104868
2495 74423 74786
2496 340524 378104
2497 95638 151047
2498 36701 41779
2499 266438 356323
2500 32508 65303
2501 8474 10108
2502 561608 564584
2503 180020 210437
2504 741708 742530
2505 21657 281664
2506 195315 245562
2507 189817 242302
2508 461932 532585
2509 510098 512903
2510 342619 345682
2511 158035 161301
2512 367178 444280
2513 117251 165514
2514 421057 509417
2515 365305 392108
2516 901312 901996
2517 187215 252047
2518 117737 468950
2519 239462 537102
2520 179126 191806
2521 4499 9510
2522 596922 637789
2523 292370 316777
2524 913124 946231
2525 555115 651903
2526 101965 724644
2527 335110 551634
2528 459003 494189
2529 736659 739001
2530 74280 128136
2531 37951 153992
2532 334166 338790
2533 108550 146315
2534 281639 481493
2535 113984 225317
2536 21041 21506
2537 347312 511962
2538 8519 12859
2539 543724 552465
2540 491180 502372
2541 111616 218608
2542 515497 694385
2543 49036 738760
2544 67043 129834
2545 130672 166316
2546 41141 335129
2547 111552 120557
2548 354022 454135
2549 728867 780843
2550 42516 158347
2551 18714 20897
2552 1057 4188
2553 2355 59060
2554 380330 688376
2555 653139 740972
2556 63838 256277
2557 250140 365588
2558 224380 244455
2559 80349 208355
2560 470792 590636
2561 48180 99188
2562 286421 441378
2563 61512 107514
2564 43502 49726
2565 326864 481419
2566 137731 241063
2567 383051 387142
2568 17123 20847
2569 4438 5287
2570 336699 589582
2571 423560 483861
2572 290340 443184
2573 571863 579241
2574 228747 471785
2575 576518 634995
2576 8956 11724
2577 1540 9829
2578 116191 162456
2579 273668 427240
2580 1250 538527
2581 29499 36613
2582 329398 635185
2583 118381 206861
2584 267234 385291
2585 220974 326256
2586 201499 308550
2587 334 21459
2588 11813 53928
2589 725244 778026
2590 265181 363529
2591 17926 21251
2592 3577 83839
2593 118470 123559
2594 239263 426425
2595 275789 317823
2596 512938 539155
2597 267661 279535
2598 209750 400500
2599 54230 98450
2600 301038 396217
2601 787151 828617
2602 582940 629288
2603 55762 100343
2604 497038 509210
2605 46439 50821
2606 254116 422702
2607 231719 320406
2608 674213 674743
2609 118742 166609
2610 175446 180325
2611 41835 865279
2612 360955 650011
2613 52182 62799
2614 47764 49126
2615 574069 580352
2616 345794 684679
2617 45474 71010
2618 225668 305332
2619 748381 753449
2620 647891 710332
2621 271681 546770
2622 115860 161663
2623 371367 511401
2624 659527 714370
2625 220528 225238
2626 11268 81130
2627 563607 604320
2628 121633 178997
2629 58136 110057
2630 176612 603004
2631 412792 573345
2632 30098 166201
2633 193651 196805
2634 17445 43198
2635 62773 230202
2636 544433 626722
2637 30056 40190
2638 193920 628137
2639 32954 151763
2640 386760 491434
2641 255721 279295
2642 267879 370235
2643 46886 54299
2644 248947 271751
2645 75675 102713
2646 375009 561896
2647 782308 799758
2648 96771 182766
2649 60198 81420
2650 83534 472234
2651 133177 191145
2652 68864 70931
2653 105328 248096
2654 572162 751327
2655 142495 236549
2656 225943 333985
2657 2825 660345
2658 312147 328529
2659 595067 655360
2660 5647 7276
2661 95296 540683
2662 738474 813125
2663 309179 413810
2664 183813 269103
2665 563999 746015
2666 5236 5448
2667 1886 124633
2668 650891 732741
2669 294449 322409
2670 76173 308472
2671 428558 547581
2672 109196 370126
2673 16180 122960
2674 274468 294638
2675 39121 142187
2676 292621 295534
2677 41672 72163
2678 82809 86908
2679 215037 406147
2680 521178 568541
2681 7191 245882
2682 40538 45381
2683 3356 4607
2684 561633 576319
2685 354878 698707
2686 2286 12213
2687 34905 35881
2688 88302 169708
2689 209217 764349
2690 105641 191564
2691 889728 903312
2692 721479 780966
2693 188272 411670
2694 123803 435004
2695 350847 613773
2696 28381 205271
2697 2140 15770
2698 143095 300549
2699 112333 572048
2700 8273 34107
2701 203631 212493
2702 532147 748596
2703 295424 333058
2704 495127 542451
2705 70189 76798
2706 164456 529071
2707 619306 665315
2708 209631 257530
2709 211251 252902
2710 26405 45855
2711 217927 222855
2712 210432 382021
2713 40011 52706
2714 7406 55112
2715 11961 66047
2716 583676 595037
2717 58210 62213
2718 539973 883014
2719 45337 50589
2720 46944 73923
2721 193124 236966
2722 246199 295123
2723 37332 41389
2724 27629 41729
2725 118203 153798
2726 91119 93946
2727 264462 583132
2728 53290 74447
2729 347667 363744
2730 312814 516698
2731 549710 683023
2732 569488 588323
2733 577995 770956
2734 43483 218155
2735 60844 89514
2736 50236 395864
2737 57088 77012
2738 366325 398535
2739 87345 626879
2740 26059 44582
2741 546271 709220
2742 40309 331919
2743 360978 363999
2744 590610 714639
2745 102437 265349
2746 152555 311642
2747 222627 314263
2748 125758 238491
2749 278010 319125
2750 506965 618310
2751 500419 623853
2752 149216 356103
2753 20566 133832
2754 18553 313367
2755 94395 158397
2756 22787 50368
2757 9156 175648
2758 375064 385255
2759 136375 238839
2760 215700 249140
2761 148857 242891
2762 80673 89680
2763 620440 673950
2764 11869 23215
2765 600238 607124
2766 597416 610177
2767 544652 574072
2768 2400 12189
2769 559420 853211
2770 883007 883757
2771 26048 195202
2772 214647 254825
2773 123936 216418
2774 131157 419515
2775 470450 526380
2776 823447 839211
2777 628529 669953
2778 18099 287358
2779 129382 148302
2780 3754 3850
2781 171161 369893
2782 474367 490268
2783 705371 716061
2784 812120 824175
2785 90843 114812
2786 306371 315107
2787 78416 461050
2788 178861 271061
2789 226957 468758
2790 505752 845589
2791 52294 90839
2792 76917 151912
2793 310591 318298
2794 53811 57317
2795 80044 364391
2796 118299 174022
2797 95134 144630
2798 154403 388330
2799 17432 132634
2800 105872 206269
2801 980051 981330
2802 25891 26242
2803 194365 421984
2804 680545 840901
2805 28674 45859
2806 129219 225841
2807 201755 202710
2808 284875 462102
2809 9336 11031
2810 364924 459586
2811 366 16696
2812 21913 65663
2813 315530 340847
2814 6247 66886
2815 554887 563455
2816 192725 360942
2817 124186 148195
2818 311060 315837
2819 419033 526917
2820 123023 185707
2821 328956 371052
2822 272149 371380
2823 32463 277965
2824 123560 144823
2825 676611 810155
2826 476331 526610
2827 400246 525438
2828 49901 65555
2829 752693 838924
2830 298952 551695
2831 10851 57327
2832 255725 443322
2833 819526 944032
2834 26981 42411
2835 107143 336555
2836 222055 224032
2837 14594 27940
2838 504143 584329
2839 166351 218666
2840 7200 22651
2841 720567 815184
2842 226229 235333
2843 257276 331162
2844 319262 537184
2845 231670 491604
2846 195593 330446
2847 726666 755166
2848 42199 44317
2849 466595 550879
2850 401893 528844
2851 30635 37007
2852 134777 190335
2853 59164 70357
2854 24370 28174
2855 3033 4320
2856 477196 651422
2857 321223 503537
2858 59588 94528
2859 16081 68317
2860 77389 115748
2861 335601 519633
2862 54653 321890
2863 13600 37541
2864 388711 544148
2865 261659 301082
2866 197899 223390
2867 639399 935002
2868 26507 61689
2869 206428 238082
2870 241306 289978
2871 402582 534591
2872 195374 531990
2873 592749 641590
2874 240424 685343
2875 266290 394671
2876 359425 388188
2877 307410 880284
2878 5013 5648
2879 277345 302591
2880 72226 102940
2881 16919 21393
2882 886735 912148
2883 558526 645690
2884 648013 719781
2885 237490 239599
2886 494408 561718
2887 459637 587545
2888 422252 496025
2889 366694 595844
2890 114801 329979
2891 39477 51191
2892 388640 394734
2893 140932 232190
2894 695641 715217
2895 10670 19900
2896 104138 150656
2897 292844 319210
2898 514774 521774
2899 513414 694421
2900 16972 42780
2901 645649 797269
2902 94156 147402
2903 85726 522998
2904 204884 638146
2905 4829 73988
2906 28006 531867
2907 125411 569767
2908 84146 223804
2909 149008 174615
2910 523208 585410
2911 43184 79013
2912 475524 627125
2913 396674 421960
2914 305469 465691
2915 6745 10994
2916 18802 202365
2917 143054 247223
2918 225548 249438
2919 20249 755717
2920 44275 50489
2921 71921 73152
2922 633472 801345
2923 65007 179984
2924 293742 340182
2925 121627 125895
2926 162335 232330
2927 252747 408808
2928 47217 614117
2929 371330 380172
2930 195487 202837
2931 165288 195564
2932 136981 232298
2933 572006 679676
2934 18856 26933
2935 275689 277390
2936 376281 742038
2937 170188 171107
2938 182834 186793
2939 119527 311315
2940 31922 395159
2941 798246 885217
2942 197987 212968
2943 482853 557075
2944 116864 144389
2945 16802 156276
2946 15044 28206
2947 86292 133689
2948 222813 230258
2949 38252 63611
2950 257000 280054
2951 372670 488187
2952 233539 436368
2953 707135 760369
2954 41889 505852
2955 63111 804356
2956 175405 298153
2957 81814 112548
2958 476618 508565
2959 119713 209969
2960 409763 432962
2961 120770 429898
2962 465219 750593
2963 7701 27410
2964 23513 32487
2965 3879 141608
2966 25807 94958
2967 489114 503215
2968 107976 109053
2969 205575 285151
2970 35803 36263
2971 192154 238232
2972 115604 736887
2973 552774 575171
2974 24443 52334
2975 523933 736770
2976 265151 507279
2977 77034 79306
2978 260518 439379
2979 198920 199529
2980 1818 14263
2981 478702 496961
2982 720553 795456
2983 158844 171355
2984 107518 696943
2985 118571 228769
2986 276899 378059
2987 10808 15171
2988 146845 179644
2989 29205 55865
2990 456930 465185
2991 375567 507867
2992 54597 64531
2993 74252 89657
2994 645075 672575
2995 286495 449221
2996 94227 471876
2997 1330 53155
2998 439893 754014
2999 90913 263436
3000 302785 371042
3001 335663 407985
3002 185135 697349
3003 50855 852915
3004 166763 442451
3005 263616 340422
3006 116184 301420
3007 159074 215925
3008 445364 477997
3009 135611 642831
3010 148601 219277
3011 20170 26539
3012 724710 743779
3013 672433 801489
3014 80111 318963
3015 138548 257747
3016 560463 638649
3017 25004 188222
3018 964145 966314
3019 41806 82241
3020 329237 355909
3021 194139 197947
3022 831 7549
3023 190259 284972
3024 383260 952211
3025 610615 748600
3026 306026 536095
3027 120938 269707
3028 54455 62316
3029 66329 147216
3030 340745 366471
3031 1024 10385
3032 393992 614553
3033 289636 318495
3034 48307 59448
3035 8179 9544
3036 5419 7518
3037 661453 728003
3038 575109 619530
3039 222695 247942
3040 206921 613067
3041 43997 90743
3042 375341 521124
3043 420875 500679
3044 172520 232068
3045 75 2522
3046 107865 174984
3047 51234 57249
3048 121894 132648
3049 290549 431095
3050 365884 460263
3051 15233 27597
3052 114011 180886
3053 109426 251926
3054 472070 541815
3055 145921 189158
3056 641280 675542
3057 357938 611957
3058 297296 304769
3059 174878 197650
3060 201806 477146
3061 33247 159749
3062 253890 386449
3063 734370 872184
3064 77574 280667
3065 434702 439716
3066 516133 719954
3067 674929 707384
3068 19228 27628
3069 160724 487853
3070 245939 467652
3071 632441 782148
3072 304931 320891
3073 119985 349663
3074 250582 348695
3075 48788 119951
3076 503038 637554
3077 8038 27606
3078 121632 165514
3079 332363 366126
3080 140603 856287
3081 186572 449478
3082 172328 204870
3083 89665 114117
3084 259933 282164
3085 23392 196406
3086 161003 166262
3087 669639 766757
3088 119771 119791
3089 168318 284907
3090 97371 177523
3091 137752 214024
3092 23946 76617
3093 95597 181148
3094 129245 185280
3095 101023 134647
3096 818382 824036
3097 112510 332442
3098 465780 469892
3099 333468 408560
3100 74764 101647
3101 142565 643917
3102 26804 53548
3103 626283 711340
3104 79907 121565
3105 228948 229166
3106 188221 246827
3107 20935 31599
3108 44879 129745
3109 12392 69348
3110 3325 18863
3111 116058 142175
3112 229614 694683
3113 364757 365295
3114 268021 386949
3115 353524 703216
3116 78281 86258
3117 65754 856404
3118 40722 554263
3119 284031 482324
3120 384126 779546
3121 36438 205884
3122 353415 382653
3123 86485 110899
3124 8024 50670
3125 239773 386993
3126 23748 36186
3127 259216 400032
3128 19890 189800
3129 514147 527153
3130 87817 88644
3131 21637 22230
3132 16040 31729
3133 466943 533324
3134 286732 298620
3135 179780 209915
3136 3580 14012
3137 240446 247947
3138 475972 486856
3139 44473 72284
3140 186029 364238
3141 496538 507701
3142 450741 463950
3143 448461 571564
3144 228696 257710
3145 499944 572254
3146 102859 167034
3147 417167 636350
3148 293565 530752
3149 158364 168726
3150 164980 360000
3151 34483 35127
3152 213032 420080
3153 674519 683154
3154 795205 810459
3155 367850 516379
3156 76094 570963
3157 185040 294724
3158 16037 35934
3159 3150 50906
3160 331098 347476
3161 59536 87328
3162 512539 538798
3163 420303 426497
3164 148503 159892
3165 459722 595831
3166 76952 79407
3167 235340 254842
3168 208926 254609
3169 67272 223703
3170 170178 309819
3171 270602 480166
3172 29751 354118
3173 374701 378484
3174 241577 296553
3175 5715 6413
3176 330197 536658
3177 391925 398962
3178 121430 362633
3179 344749 575362
3180 121936 293714
3181 19463 29593
3182 705920 755672
3183 714357 856271
3184 17246 30450
3185 56748 62419
3186 597107 630930
3187 409007 515083
3188 64154 70439
3189 149711 180718
3190 928082 956524
3191 37330 46440
3192 307705 399370
3193 16977 85038
3194 223420 378589
3195 283845 297969
3196 311132 353572
3197 69987 644102
3198 93339 356678
3199 112083 184481
3200 638816 777721
3201 91047 298976
3202 449134 713192
3203 477904 490776
3204 39035 93982
3205 490483 508595
3206 34591 253652
3207 74514 177135
3208 288190 298648
3209 258135 258657
3210 240145 818432
3211 497182 538856
3212 297821 300112
3213 507261 519516
3214 229968 833269
3215 683626 836065
3216 168424 527196
3217 124751 193349
3218 33932 34557
3219 22386 26832
3220 154420 171508
3221 94217 117034
3222 104592 496268
3223 59446 253477
3224 90866 166263
3225 42750 47164
3226 320688 726902
3227 525005 758394
3228 116665 122534
3229 123457 145949
3230 183029 372343
3231 122773 144804
3232 73392 317960
3233 379218 438536
3234 696548 827081
3235 70687 144063
3236 330944 335029
3237 14269 378209
3238 647076 659408
3239 35520 35682
3240 177016 271986
3241 30619 80427
3242 262791 265387
3243 106495 255976
3244 552397 592382
3245 11691 12653
3246 195315 220041
3247 310662 346586
3248 119503 222456
3249 458360 570062
3250 117951 157079
3251 218085 594009
3252 54365 212883
3253 57947 234664
3254 220985 226861
3255 149147 354682
3256 3484 3990
3257 141284 505096
3258 167382 244613
3259 177736 777018
3260 810651 820584
3261 90427 92390
3262 29648 291796
3263 258076 301356
3264 128227 166430
3265 407612 547455
3266 185982 189843
3267 189824 269388
3268 761729 767745
3269 541183 541594
3270 523953 660089
3271 908659 972844
3272 715678 914336
3273 118143 536181
3274 20606 21565
3275 57000 87510
3276 471534 497072
3277 71109 106295
3278 487954 514767
3279 113432 126356
3280 694187 728349
3281 964781 970324
3282 164176 179327
3283 284731 293647
3284 46016 240084
3285 479975 553519
3286 481360 665297
3287 258050 259655
3288 156390 174527
3289 146956 524880
3290 394228 434882
3291 324206 465741
3292 125973 208877
3293 245280 394414
3294 649698 663509
3295 162472 173600
3296 167992 497966
3297 765805 816597
3298 153815 166475
3299 361434 648428
3300 57465 93745
3301 7477 8900
3302 176114 245283
3303 9681 135932
3304 547113 743588
3305 399251 408922
3306 441078 461048
3307 12671 41825
3308 270476 414545
3309 556090 656631
3310 188821 702374
3311 149635 485664
3312 510437 533115
3313 222995 231852
3314 931 1127
3315 401907 425096
3316 202954 241875
3317 554260 559503
3318 351588 374361
3319 330997 355278
3320 34412 57079
3321 504707 651875
3322 38888 182863
3323 126876 525729
3324 633980 662960
3325 360982 760038
3326 23367 26322
3327 110647 157026
3328 56136 358367
3329 157601 166089
3330 208659 636653
3331 7118 7306
3332 72421 77903
3333 235160 433185
3334 30894 151933
3335 930949 948748
3336 604144 612287
3337 452615 455215
3338 448486 456549
3339 475899 711548
3340 250899 292153
3341 401637 531077
3342 28339 70642
3343 223615 294186
3344 264778 510995
3345 102802 104312
3346 54109 92731
3347 409334 414989
3348 20202 21935
3349 156756 168085
3350 353544 687704
3351 245041 754349
3352 436358 801852
3353 516442 539123
3354 380726 540289
3355 23671 104708
3356 310205 317043
3357 163211 231361
3358 25570 65352
3359 293241 538595
3360 357316 461965
3361 37633 124161
3362 25038 227159
3363 31671 35478
3364 107153 245049
3365 354282 384956
3366 607901 633108
3367 170801 268630
3368 175178 178208
3369 133868 162403
3370 682205 751086
3371 391894 438025
3372 267941 525719
3373 26920 123712
3374 717431 755465
3375 651765 731456
3376 202547 733626
3377 530085 601110
3378 24789 35525
3379 199584 263780
3380 118492 190700
3381 6697 85676
3382 156624 158608
3383 722328 740232
3384 543785 806165
3385 231325 524614
3386 457785 773194
3387 101896 174021
3388 71614 231062
3389 81638 83496
3390 10060 332694
3391 148042 257394
3392 46290 92274
3393 143756 338701
3394 52268 100849
3395 267540 270510
3396 83014 116258
3397 236294 483722
3398 386293 424033
3399 31880 298932
3400 111329 452849
3401 58284 68598
3402 104408 148861
3403 32484 39312
3404 45596 74056
3405 74974 77506
3406 60004 89374
3407 161375 232965
3408 12384 84181
3409 631890 877220
3410 35569 160960
3411 103215 133881
3412 154433 198888
3413 189466 383730
3414 287107 342998
3415 101444 556378
3416 78180 143461
3417 226477 279391
3418 506693 898500
3419 466565 599008
3420 109431 878399
3421 199399 204925
3422 96437 245042
3423 42484 53376
3424 514219 575922
3425 65513 132777
3426 135264 360801
3427 24752 305272
3428 147693 159792
3429 621322 632620
3430 367595 376572
3431 352480 363142
3432 12882 54269
3433 133600 194916
3434 38876 48502
