542
2 276 651
3 13 13
4 864 1695
5 2870 4749
6 1547 2367
7 469 1594
8 232 356
9 2705 3209
10 352 501
11 1486 1743
12 474 663
13 307 587
14 3328 3409
15 33 555
16 2111 2177
17 1205 2083
18 445 727
19 274 331
20 498 736
21 1129 1314
22 4014 4135
23 473 671
24 1439 1663
25 3508 4217
26 292 298
27 2223 2265
28 470 2660
29 62 110
30 487 803
31 856 897
32 809 930
33 1030 1545
34 38 102
35 852 1074
36 451 1750
37 351 1227
38 83 134
39 92 2221
40 328 586
41 1215 1519
42 1331 1342
43 250 715
44 2255 2715
45 205 2459
46 1518 2470
47 1385 2529
48 548 2089
49 856 1083
50 1490 2453
51 1598 1708
52 56 83
53 90 138
54 130 136
55 142 168
56 4170 4400
57 759 1006
58 175 176
59 692 836
60 91 134
61 3498 3818
62 112 378
63 1339 1953
64 244 247
65 2220 2411
66 2251 2865
67 570 1676
68 225 257
69 1929 3096
70 336 376
71 334 415
72 4805 4891
73 59 346
74 4763 4799
75 170 247
76 191 2747
77 616 3163
78 231 938
79 1140 1258
80 1726 1868
81 989 2880
82 84 212
83 126 742
84 412 2704
85 127 1846
86 349 400
87 2029 2636
88 1375 1836
89 2803 3606
90 756 820
91 1347 1447
92 2315 2337
93 502 1354
94 1401 1834
95 375 429
96 41 167
97 1876 1903
98 1071 2590
99 917 1327
100 1703 1769
101 787 1746
102 283 3094
103 1442 1542
104 743 941
105 1998 2204
106 2037 2351
107 230 307
108 1928 2807
109 119 142
110 1899 2774
111 428 557
112 2011 2052
113 204 306
114 2274 3765
115 1845 2076
116 653 744
117 4298 4405
118 1323 1378
119 3307 3552
120 1012 1072
121 910 1189
122 816 900
123 15 1897
124 410 1399
125 64 119
126 1068 1471
127 550 575
128 53 723
129 1118 1355
130 2846 3011
131 337 350
132 1092 1618
133 1406 1485
134 34 142
135 1525 1546
136 3464 3651
137 891 1195
138 634 875
139 118 178
140 48 2249
141 658 810
142 393 412
143 3255 3595
144 1524 2273
145 1534 1704
146 398 604
147 352 954
148 4335 4417
149 11 311
150 819 1630
151 1004 2075
152 123 639
153 56 871
154 104 110
155 904 1141
156 691 877
157 743 1483
158 2178 2510
159 1603 2079
160 2055 2402
161 1802 2586
162 123 202
163 197 271
164 2787 3791
165 1100 1106
166 3392 4084
167 3998 4208
168 1203 1321
169 2177 3191
170 1584 1604
171 1163 2052
172 1493 4197
173 1286 1412
174 660 683
175 1798 1802
176 202 300
177 2771 3011
178 234 357
179 414 445
180 704 781
181 876 2213
182 1578 1857
183 69 76
184 665 1079
185 2061 2069
186 3546 3633
187 188 1715
188 259 557
189 2651 3605
190 929 1712
191 1360 1936
192 238 459
193 3033 3213
194 101 105
195 1149 1952
196 1324 1585
197 76 1848
198 429 2090
199 3448 4372
200 1333 1602
201 535 544
202 92 97
203 590 654
204 2378 2460
205 454 950
206 3581 3864
207 707 843
208 292 1450
209 1722 2361
210 3158 3587
211 1302 2166
212 578 3194
213 1622 1792
214 65 353
215 1171 1195
216 1106 1465
217 555 585
218 856 872
219 616 897
220 98 281
221 3670 3815
222 2292 2638
223 1486 2008
224 2090 2489
225 843 1255
226 57 517
227 256 384
228 128 3501
229 2600 2620
230 2402 3045
231 987 999
232 2878 3355
233 95 136
234 1532 1799
235 491 766
236 1706 2997
237 2605 2761
238 1127 4161
239 1233 1776
240 3350 3894
241 320 519
242 1222 1405
243 429 1760
244 940 1245
245 1186 1440
246 3116 3910
247 444 524
248 2811 3031
249 203 204
250 860 1999
251 2764 2806
252 2814 2889
253 1478 2346
254 1165 1688
255 1253 1602
256 493 1661
257 53 136
258 112 3853
259 1055 2275
260 1477 2711
261 3232 3557
262 4055 4662
263 2789 2794
264 979 1225
265 300 304
266 35 350
267 8 37
268 2063 2196
269 879 3050
270 781 783
271 2046 2239
272 3541 3547
273 3212 4391
274 24 1189
275 1151 1515
276 100 170
277 2665 3397
278 1335 1414
279 1247 1710
280 1593 2530
281 1345 1693
282 228 2485
283 655 699
284 1430 3566
285 1919 3591
286 1785 1825
287 4410 4614
288 3644 3662
289 373 3432
290 4533 4649
291 906 1782
292 1799 1822
293 1655 4104
294 98 506
295 3661 4356
296 4357 4361
297 919 1261
298 1338 1435
299 340 651
300 1081 1110
301 1784 2495
302 3529 4029
303 1172 1173
304 87 150
305 9 115
306 4564 4580
307 709 1738
308 759 2221
309 1636 2850
310 2023 2592
311 751 2731
312 316 452
313 976 983
314 1260 2218
315 1933 2003
316 1387 2183
317 243 445
318 2177 2612
319 4624 4682
320 1023 1102
321 2351 3215
322 37 494
323 3944 4052
324 441 2414
325 93 97
326 393 549
327 2071 3221
328 549 2100
329 789 3034
330 1798 2370
331 980 1003
332 212 612
333 2897 3109
334 1899 2811
335 1764 2282
336 33 44
337 3030 3039
338 113 563
339 1741 2909
340 1228 1352
341 1769 3385
342 203 231
343 516 599
344 2425 2901
345 1468 2615
346 785 1475
347 654 1733
348 1046 1784
349 2084 2590
350 1157 1962
351 1595 2968
352 2464 3794
353 968 1014
354 530 908
355 3288 3307
356 3061 3560
357 731 1860
358 994 1081
359 1983 2000
360 176 322
361 650 3799
362 3274 3531
363 1386 1400
364 1569 1644
365 2740 2845
366 108 200
367 1549 2244
368 675 859
369 2748 3244
370 2206 2459
371 831 1133
372 3847 4082
373 828 1576
374 1025 1154
375 930 1136
376 237 254
377 515 563
378 1850 1988
379 1181 3773
380 66 1553
381 754 1380
382 1518 3955
383 622 1172
384 3708 4151
385 549 609
386 975 1097
387 1146 1287
388 373 671
389 1050 1731
390 675 1138
391 737 2539
392 2907 3246
393 2087 3824
394 1550 2963
395 3655 3837
396 2520 2837
397 746 747
398 2098 3576
399 848 1023
400 2137 3994
401 1448 2213
402 41 301
403 635 2776
404 1343 2098
405 3830 3856
406 1221 2575
407 400 1098
408 121 160
409 2387 2541
410 26 171
411 222 358
412 2202 2610
413 88 139
414 1919 3192
415 985 1472
416 622 1669
417 393 643
418 318 619
419 4250 4310
420 691 1334
421 1415 2221
422 1476 2224
423 427 495
424 869 896
425 57 74
426 2994 3362
427 241 363
428 25 54
429 3021 3384
430 750 986
431 1771 2422
432 470 1550
433 2189 2325
434 792 2383
435 98 689
436 4290 4323
437 4533 4577
438 2878 2913
439 120 234
440 1589 2097
441 4744 4755
442 48 54
443 129 176
444 312 1147
445 19 52
446 409 1052
447 627 645
448 136 225
449 3999 4173
450 2854 3488
451 2512 2909
452 534 1814
453 855 885
454 1831 3361
455 825 1003
456 977 3624
457 1304 1336
458 2939 3458
459 1147 1468
460 86 118
461 4605 4620
462 390 527
463 1557 1631
464 1795 1916
465 1296 2743
466 1203 2081
467 168 860
468 3369 4245
469 1032 2576
470 1644 2342
471 987 1167
472 1171 1204
473 129 139
474 97 130
475 1277 1470
476 984 1233
477 225 1620
478 602 1012
479 69 176
480 125 429
481 315 503
482 93 405
483 1234 1666
484 3 4
485 293 298
486 1151 1767
487 74 100
488 303 392
489 62 325
490 952 1490
491 2704 3156
492 1127 1216
493 2828 3499
494 1247 3690
495 1437 1894
496 3265 3476
497 1872 2129
498 3712 3719
499 11 796
500 2889 4130
501 2222 2761
502 1905 3744
503 2250 2545
504 518 950
505 891 1027
506 727 924
507 1061 1079
508 1016 1656
509 7 169
510 17 1045
511 461 1730
512 310 317
513 98 1458
514 167 477
515 69 716
516 1316 1395
517 112 3813
518 128 150
519 513 631
520 704 3028
521 3501 3630
522 451 686
523 4424 4560
524 1179 1256
525 1515 2411
526 107 982
527 793 829
528 153 303
529 1071 1325
530 39 286
531 19 102
532 701 871
533 220 3672
534 2132 2553
535 732 839
536 785 1388
537 964 1515
538 342 561
539 764 915
540 749 1817
541 866 1267
542 850 1830
543 644 850
